,Parameter,Value,msgId,timeSend_ms,receiver,receiverPort,packetSize_B_x,sender,delay_ms,packetSize_B_y,receivingTime_ms
0,Start simulation,2024-07-24 06:46:29.049125,,,,,,,,,
1,Simulation configuration ID,580df11b-916d-44ea-8495-157e2e704343,,,,,,,,,
2,Network,SimbenchNetwork_LTE_1-LV-rural1--0-no_sw,,,,,,,,,
3,Communication graph,Small World Overlay Topology with 23 agents and p = 0.5,,,,,,,,,
4,Agent communication pattern,DemandSupplyBalancing,,,,,,,,,
5,Trigger Type,EVENT_TRIGGERED,,,,,,,,,
6,Data size generator,"Increasing data size generator with lower bound = 8 B,upper bound = 50 B",,,,,,,,,
7,Frequency,0,,,,,,,,,
8,Simulation duration,30000,,,,,,,,,
9,Communication mode,COMPLEX,,,,,,,,,
10,System State,SystemState.NORMAL,,,,,,,,,
11,Organizational structure,HIERARCHICAL,,,,,,,,,
0,,,0.0,24.0,aggregator_agent,1019.0,41.0,control_center_agent,19.0,41.0,43.0
1,,,1.0,137.0,household_agent_3,1003.0,41.0,aggregator_agent,71.0,41.0,208.0
2,,,5270.0,5158.0,control_center_agent,1017.0,41.0,aggregator_agent,26.0,41.0,5184.0
3,,,19.0,127.0,household_agent_1,1001.0,41.0,household_agent_0,47.0,41.0,174.0
4,,,20.0,127.0,household_agent_2,1002.0,41.0,household_agent_0,52.0,41.0,179.0
5,,,21.0,127.0,generation_agent_3,1016.0,41.0,household_agent_0,63.0,41.0,190.0
6,,,75.0,205.0,household_agent_1,1001.0,41.0,household_agent_0,48.0,41.0,253.0
7,,,76.0,205.0,household_agent_2,1002.0,41.0,household_agent_0,53.0,41.0,258.0
8,,,77.0,205.0,generation_agent_3,1016.0,41.0,household_agent_0,69.0,41.0,274.0
9,,,131.0,253.0,household_agent_1,1001.0,41.0,household_agent_0,48.0,41.0,301.0
10,,,132.0,253.0,household_agent_2,1002.0,41.0,household_agent_0,37.0,41.0,290.0
11,,,133.0,253.0,generation_agent_3,1016.0,41.0,household_agent_0,79.0,41.0,332.0
12,,,187.0,303.0,household_agent_1,1001.0,41.0,household_agent_0,56.0,41.0,359.0
13,,,188.0,303.0,household_agent_2,1002.0,41.0,household_agent_0,59.0,41.0,362.0
14,,,189.0,303.0,generation_agent_3,1016.0,41.0,household_agent_0,77.0,41.0,380.0
15,,,243.0,397.0,household_agent_1,1001.0,41.0,household_agent_0,43.0,41.0,440.0
16,,,244.0,397.0,household_agent_2,1002.0,41.0,household_agent_0,54.0,41.0,451.0
17,,,245.0,397.0,generation_agent_3,1016.0,41.0,household_agent_0,65.0,41.0,462.0
18,,,299.0,455.0,household_agent_1,1001.0,41.0,household_agent_0,54.0,41.0,509.0
19,,,300.0,455.0,household_agent_2,1002.0,41.0,household_agent_0,71.0,41.0,526.0
20,,,301.0,455.0,generation_agent_3,1016.0,41.0,household_agent_0,102.0,41.0,557.0
21,,,355.0,461.0,household_agent_1,1001.0,41.0,household_agent_0,79.0,41.0,540.0
22,,,356.0,461.0,household_agent_2,1002.0,41.0,household_agent_0,90.0,41.0,551.0
23,,,357.0,461.0,generation_agent_3,1016.0,41.0,household_agent_0,150.0,41.0,611.0
24,,,411.0,559.0,household_agent_1,1001.0,41.0,household_agent_0,57.0,41.0,616.0
25,,,412.0,559.0,household_agent_2,1002.0,41.0,household_agent_0,70.0,41.0,629.0
26,,,413.0,559.0,generation_agent_3,1016.0,41.0,household_agent_0,81.0,41.0,640.0
27,,,467.0,571.0,household_agent_1,1001.0,41.0,household_agent_0,77.0,41.0,648.0
28,,,468.0,571.0,household_agent_2,1002.0,41.0,household_agent_0,91.0,41.0,662.0
29,,,469.0,571.0,generation_agent_3,1016.0,41.0,household_agent_0,101.0,41.0,672.0
30,,,523.0,669.0,household_agent_1,1001.0,41.0,household_agent_0,48.0,41.0,717.0
31,,,524.0,669.0,household_agent_2,1002.0,41.0,household_agent_0,106.0,82.0,775.0
32,,,525.0,669.0,generation_agent_3,1016.0,41.0,household_agent_0,120.0,82.0,789.0
33,,,579.0,670.0,household_agent_1,1001.0,41.0,household_agent_0,69.0,41.0,739.0
34,,,635.0,707.0,household_agent_1,1001.0,41.0,household_agent_0,50.0,41.0,757.0
35,,,636.0,707.0,household_agent_2,1002.0,41.0,household_agent_0,110.0,41.0,817.0
36,,,637.0,707.0,generation_agent_3,1016.0,41.0,household_agent_0,128.0,41.0,835.0
37,,,691.0,753.0,household_agent_1,1001.0,41.0,household_agent_0,54.0,41.0,807.0
38,,,692.0,753.0,household_agent_2,1002.0,41.0,household_agent_0,95.0,41.0,848.0
39,,,693.0,753.0,generation_agent_3,1016.0,41.0,household_agent_0,112.0,41.0,865.0
40,,,747.0,843.0,household_agent_1,1001.0,41.0,household_agent_0,44.0,41.0,887.0
41,,,748.0,843.0,household_agent_2,1002.0,41.0,household_agent_0,49.0,41.0,892.0
42,,,749.0,843.0,generation_agent_3,1016.0,41.0,household_agent_0,72.0,41.0,915.0
43,,,803.0,943.0,household_agent_1,1001.0,41.0,household_agent_0,47.0,41.0,990.0
44,,,804.0,943.0,household_agent_2,1002.0,41.0,household_agent_0,58.0,41.0,1001.0
45,,,805.0,943.0,generation_agent_3,1016.0,41.0,household_agent_0,74.0,41.0,1017.0
46,,,859.0,986.0,household_agent_1,1001.0,41.0,household_agent_0,48.0,41.0,1034.0
47,,,860.0,986.0,household_agent_2,1002.0,41.0,household_agent_0,93.0,41.0,1079.0
48,,,861.0,986.0,generation_agent_3,1016.0,41.0,household_agent_0,123.0,41.0,1109.0
49,,,915.0,1026.0,household_agent_1,1001.0,41.0,household_agent_0,65.0,41.0,1091.0
50,,,916.0,1026.0,household_agent_2,1002.0,41.0,household_agent_0,71.0,41.0,1097.0
51,,,917.0,1026.0,generation_agent_3,1016.0,41.0,household_agent_0,144.0,82.0,1170.0
52,,,971.0,1044.0,household_agent_1,1001.0,41.0,household_agent_0,75.0,41.0,1119.0
53,,,972.0,1044.0,household_agent_2,1002.0,41.0,household_agent_0,102.0,41.0,1146.0
54,,,1027.0,1104.0,household_agent_1,1001.0,41.0,household_agent_0,37.0,41.0,1141.0
55,,,1028.0,1104.0,household_agent_2,1002.0,41.0,household_agent_0,48.0,41.0,1152.0
56,,,1029.0,1104.0,generation_agent_3,1016.0,41.0,household_agent_0,134.0,41.0,1238.0
57,,,1083.0,1148.0,household_agent_1,1001.0,41.0,household_agent_0,43.0,41.0,1191.0
58,,,1084.0,1148.0,household_agent_2,1002.0,41.0,household_agent_0,49.0,41.0,1197.0
59,,,1085.0,1148.0,generation_agent_3,1016.0,41.0,household_agent_0,132.0,41.0,1280.0
60,,,1139.0,1205.0,household_agent_1,1001.0,41.0,household_agent_0,62.0,41.0,1267.0
61,,,1140.0,1205.0,household_agent_2,1002.0,41.0,household_agent_0,72.0,41.0,1277.0
62,,,1141.0,1205.0,generation_agent_3,1016.0,41.0,household_agent_0,81.0,41.0,1286.0
63,,,1195.0,1211.0,household_agent_1,1001.0,41.0,household_agent_0,85.0,41.0,1296.0
64,,,1196.0,1211.0,household_agent_2,1002.0,41.0,household_agent_0,110.0,41.0,1321.0
65,,,1197.0,1211.0,generation_agent_3,1016.0,41.0,household_agent_0,124.0,41.0,1335.0
66,,,1251.0,1286.0,household_agent_1,1001.0,41.0,household_agent_0,49.0,41.0,1335.0
67,,,1252.0,1286.0,household_agent_2,1002.0,41.0,household_agent_0,61.0,41.0,1347.0
68,,,1253.0,1286.0,generation_agent_3,1016.0,41.0,household_agent_0,71.0,41.0,1357.0
69,,,1307.0,1357.0,household_agent_1,1001.0,41.0,household_agent_0,43.0,41.0,1400.0
70,,,1308.0,1357.0,household_agent_2,1002.0,41.0,household_agent_0,54.0,41.0,1411.0
71,,,1309.0,1357.0,generation_agent_3,1016.0,41.0,household_agent_0,76.0,41.0,1433.0
72,,,1363.0,1406.0,household_agent_1,1001.0,41.0,household_agent_0,57.0,41.0,1463.0
73,,,1364.0,1406.0,household_agent_2,1002.0,41.0,household_agent_0,60.0,41.0,1466.0
74,,,1365.0,1406.0,generation_agent_3,1016.0,41.0,household_agent_0,79.0,41.0,1485.0
75,,,1419.0,1470.0,household_agent_1,1001.0,41.0,household_agent_0,48.0,41.0,1518.0
76,,,1420.0,1470.0,household_agent_2,1002.0,41.0,household_agent_0,57.0,41.0,1527.0
77,,,1421.0,1470.0,generation_agent_3,1016.0,41.0,household_agent_0,65.0,41.0,1535.0
78,,,1475.0,1570.0,household_agent_1,1001.0,41.0,household_agent_0,48.0,41.0,1618.0
79,,,1476.0,1570.0,household_agent_2,1002.0,41.0,household_agent_0,53.0,41.0,1623.0
80,,,1477.0,1570.0,generation_agent_3,1016.0,41.0,household_agent_0,71.0,41.0,1641.0
81,,,1531.0,1621.0,household_agent_1,1001.0,41.0,household_agent_0,47.0,41.0,1668.0
82,,,1532.0,1621.0,household_agent_2,1002.0,41.0,household_agent_0,54.0,41.0,1675.0
83,,,1533.0,1621.0,generation_agent_3,1016.0,41.0,household_agent_0,67.0,41.0,1688.0
84,,,1587.0,1704.0,household_agent_1,1001.0,41.0,household_agent_0,47.0,41.0,1751.0
85,,,1588.0,1704.0,household_agent_2,1002.0,41.0,household_agent_0,127.0,41.0,1831.0
86,,,1589.0,1704.0,generation_agent_3,1016.0,41.0,household_agent_0,85.0,41.0,1789.0
87,,,1643.0,1744.0,household_agent_1,1001.0,41.0,household_agent_0,51.0,41.0,1795.0
88,,,1644.0,1744.0,household_agent_2,1002.0,41.0,household_agent_0,112.0,123.0,1856.0
89,,,1645.0,1744.0,generation_agent_3,1016.0,41.0,household_agent_0,183.0,82.0,1927.0
90,,,1699.0,1747.0,household_agent_1,1001.0,41.0,household_agent_0,78.0,41.0,1825.0
91,,,1755.0,1787.0,household_agent_1,1001.0,41.0,household_agent_0,53.0,41.0,1840.0
92,,,1757.0,1787.0,generation_agent_3,1016.0,41.0,household_agent_0,192.0,82.0,1979.0
93,,,1811.0,1789.0,household_agent_1,1001.0,41.0,household_agent_0,79.0,41.0,1868.0
94,,,1812.0,1789.0,household_agent_2,1002.0,41.0,household_agent_0,104.0,41.0,1893.0
95,,,1867.0,1873.0,household_agent_1,1001.0,41.0,household_agent_0,80.0,41.0,1953.0
96,,,1868.0,1873.0,household_agent_2,1002.0,41.0,household_agent_0,86.0,41.0,1959.0
97,,,1869.0,1873.0,generation_agent_3,1016.0,41.0,household_agent_0,129.0,41.0,2002.0
98,,,1923.0,1881.0,household_agent_1,1001.0,41.0,household_agent_0,98.0,41.0,1979.0
99,,,1924.0,1881.0,household_agent_2,1002.0,41.0,household_agent_0,118.0,41.0,1999.0
100,,,1925.0,1881.0,generation_agent_3,1016.0,41.0,household_agent_0,193.0,41.0,2074.0
101,,,1979.0,1979.0,household_agent_1,1001.0,41.0,household_agent_0,40.0,41.0,2019.0
102,,,1980.0,1979.0,household_agent_2,1002.0,41.0,household_agent_0,119.0,82.0,2098.0
103,,,1981.0,1979.0,generation_agent_3,1016.0,41.0,household_agent_0,163.0,82.0,2142.0
104,,,2035.0,2009.0,household_agent_1,1001.0,41.0,household_agent_0,81.0,41.0,2090.0
105,,,2091.0,2030.0,household_agent_1,1001.0,41.0,household_agent_0,91.0,41.0,2121.0
106,,,2092.0,2030.0,household_agent_2,1002.0,41.0,household_agent_0,106.0,41.0,2136.0
107,,,2093.0,2030.0,generation_agent_3,1016.0,41.0,household_agent_0,128.0,41.0,2158.0
108,,,2147.0,2090.0,household_agent_1,1001.0,41.0,household_agent_0,43.0,41.0,2133.0
109,,,2148.0,2090.0,household_agent_2,1002.0,41.0,household_agent_0,55.0,41.0,2145.0
110,,,2149.0,2090.0,generation_agent_3,1016.0,41.0,household_agent_0,113.0,41.0,2203.0
111,,,2203.0,2162.0,household_agent_1,1001.0,41.0,household_agent_0,53.0,41.0,2215.0
112,,,2204.0,2162.0,household_agent_2,1002.0,41.0,household_agent_0,66.0,41.0,2228.0
113,,,2205.0,2162.0,generation_agent_3,1016.0,41.0,household_agent_0,86.0,41.0,2248.0
114,,,2259.0,2167.0,household_agent_1,1001.0,41.0,household_agent_0,77.0,41.0,2244.0
115,,,2260.0,2167.0,household_agent_2,1002.0,41.0,household_agent_0,105.0,41.0,2272.0
116,,,2261.0,2167.0,generation_agent_3,1016.0,41.0,household_agent_0,139.0,41.0,2306.0
117,,,2315.0,2239.0,household_agent_1,1001.0,41.0,household_agent_0,67.0,41.0,2306.0
118,,,2316.0,2239.0,household_agent_2,1002.0,41.0,household_agent_0,89.0,82.0,2328.0
119,,,2317.0,2239.0,generation_agent_3,1016.0,41.0,household_agent_0,154.0,82.0,2393.0
120,,,2371.0,2253.0,household_agent_1,1001.0,41.0,household_agent_0,65.0,41.0,2318.0
121,,,2427.0,2269.0,household_agent_1,1001.0,41.0,household_agent_0,76.0,41.0,2345.0
122,,,2428.0,2269.0,household_agent_2,1002.0,41.0,household_agent_0,113.0,41.0,2382.0
123,,,2429.0,2269.0,generation_agent_3,1016.0,41.0,household_agent_0,130.0,41.0,2399.0
124,,,2483.0,2336.0,household_agent_1,1001.0,41.0,household_agent_0,40.0,41.0,2376.0
125,,,2484.0,2336.0,household_agent_2,1002.0,41.0,household_agent_0,52.0,41.0,2388.0
126,,,2485.0,2336.0,generation_agent_3,1016.0,41.0,household_agent_0,113.0,41.0,2449.0
127,,,2539.0,2368.0,household_agent_1,1001.0,41.0,household_agent_0,47.0,41.0,2415.0
128,,,2540.0,2368.0,household_agent_2,1002.0,41.0,household_agent_0,64.0,41.0,2432.0
129,,,2541.0,2368.0,generation_agent_3,1016.0,41.0,household_agent_0,116.0,41.0,2484.0
130,,,2595.0,2417.0,household_agent_1,1001.0,41.0,household_agent_0,47.0,41.0,2464.0
131,,,2596.0,2417.0,household_agent_2,1002.0,41.0,household_agent_0,54.0,41.0,2471.0
132,,,2597.0,2417.0,generation_agent_3,1016.0,41.0,household_agent_0,115.0,41.0,2532.0
133,,,2651.0,2489.0,household_agent_1,1001.0,41.0,household_agent_0,43.0,41.0,2532.0
134,,,2652.0,2489.0,household_agent_2,1002.0,41.0,household_agent_0,54.0,41.0,2543.0
135,,,2653.0,2489.0,generation_agent_3,1016.0,41.0,household_agent_0,59.0,41.0,2548.0
136,,,2707.0,2569.0,household_agent_1,1001.0,41.0,household_agent_0,39.0,41.0,2608.0
137,,,2708.0,2569.0,household_agent_2,1002.0,41.0,household_agent_0,45.0,41.0,2614.0
138,,,2709.0,2569.0,generation_agent_3,1016.0,41.0,household_agent_0,68.0,41.0,2637.0
139,,,2763.0,2640.0,household_agent_1,1001.0,41.0,household_agent_0,53.0,41.0,2693.0
140,,,2764.0,2640.0,household_agent_2,1002.0,41.0,household_agent_0,90.0,41.0,2730.0
141,,,2765.0,2640.0,generation_agent_3,1016.0,41.0,household_agent_0,148.0,82.0,2788.0
142,,,2819.0,2652.0,household_agent_1,1001.0,41.0,household_agent_0,66.0,41.0,2718.0
143,,,2820.0,2652.0,household_agent_2,1002.0,41.0,household_agent_0,121.0,41.0,2773.0
144,,,2875.0,2699.0,household_agent_1,1001.0,41.0,household_agent_0,54.0,41.0,2753.0
145,,,2876.0,2699.0,household_agent_2,1002.0,41.0,household_agent_0,86.0,41.0,2785.0
146,,,2877.0,2699.0,generation_agent_3,1016.0,41.0,household_agent_0,132.0,41.0,2831.0
147,,,2931.0,2799.0,household_agent_1,1001.0,41.0,household_agent_0,49.0,41.0,2848.0
148,,,2932.0,2799.0,household_agent_2,1002.0,41.0,household_agent_0,61.0,41.0,2860.0
149,,,2933.0,2799.0,generation_agent_3,1016.0,41.0,household_agent_0,131.0,41.0,2930.0
150,,,2987.0,2839.0,household_agent_1,1001.0,41.0,household_agent_0,41.0,41.0,2880.0
151,,,2988.0,2839.0,household_agent_2,1002.0,41.0,household_agent_0,85.0,41.0,2924.0
152,,,2989.0,2839.0,generation_agent_3,1016.0,41.0,household_agent_0,91.0,41.0,2930.0
153,,,3043.0,2873.0,household_agent_1,1001.0,41.0,household_agent_0,46.0,41.0,2919.0
154,,,3044.0,2873.0,household_agent_2,1002.0,41.0,household_agent_0,75.0,41.0,2948.0
155,,,3045.0,2873.0,generation_agent_3,1016.0,41.0,household_agent_0,86.0,41.0,2959.0
156,,,3099.0,2968.0,household_agent_1,1001.0,41.0,household_agent_0,45.0,41.0,3013.0
157,,,3100.0,2968.0,household_agent_2,1002.0,41.0,household_agent_0,55.0,41.0,3023.0
158,,,3101.0,2968.0,generation_agent_3,1016.0,41.0,household_agent_0,77.0,41.0,3045.0
159,,,3155.0,3002.0,household_agent_1,1001.0,41.0,household_agent_0,43.0,41.0,3045.0
160,,,3156.0,3002.0,household_agent_2,1002.0,41.0,household_agent_0,95.0,41.0,3097.0
161,,,3157.0,3002.0,generation_agent_3,1016.0,41.0,household_agent_0,135.0,41.0,3137.0
162,,,3211.0,3045.0,household_agent_1,1001.0,41.0,household_agent_0,51.0,41.0,3096.0
163,,,3212.0,3045.0,household_agent_2,1002.0,41.0,household_agent_0,86.0,41.0,3131.0
164,,,3213.0,3045.0,generation_agent_3,1016.0,41.0,household_agent_0,121.0,41.0,3166.0
165,,,3267.0,3096.0,household_agent_1,1001.0,41.0,household_agent_0,40.0,41.0,3136.0
166,,,3268.0,3096.0,household_agent_2,1002.0,41.0,household_agent_0,56.0,41.0,3152.0
167,,,3269.0,3096.0,generation_agent_3,1016.0,41.0,household_agent_0,93.0,41.0,3189.0
168,,,3323.0,3161.0,household_agent_1,1001.0,41.0,household_agent_0,44.0,41.0,3205.0
169,,,3324.0,3161.0,household_agent_2,1002.0,41.0,household_agent_0,78.0,41.0,3239.0
170,,,3325.0,3161.0,generation_agent_3,1016.0,41.0,household_agent_0,106.0,41.0,3267.0
171,,,3379.0,3188.0,household_agent_1,1001.0,41.0,household_agent_0,62.0,41.0,3250.0
172,,,3380.0,3188.0,household_agent_2,1002.0,41.0,household_agent_0,79.0,41.0,3267.0
173,,,3381.0,3188.0,generation_agent_3,1016.0,41.0,household_agent_0,124.0,41.0,3312.0
174,,,3435.0,3275.0,household_agent_1,1001.0,41.0,household_agent_0,48.0,41.0,3323.0
175,,,3436.0,3275.0,household_agent_2,1002.0,41.0,household_agent_0,58.0,41.0,3333.0
176,,,3437.0,3275.0,generation_agent_3,1016.0,41.0,household_agent_0,70.0,41.0,3345.0
177,,,3491.0,3345.0,household_agent_1,1001.0,41.0,household_agent_0,57.0,41.0,3402.0
178,,,3492.0,3345.0,household_agent_2,1002.0,41.0,household_agent_0,62.0,41.0,3407.0
179,,,3493.0,3345.0,generation_agent_3,1016.0,41.0,household_agent_0,73.0,41.0,3418.0
180,,,3547.0,3353.0,household_agent_1,1001.0,41.0,household_agent_0,71.0,41.0,3424.0
181,,,3548.0,3353.0,household_agent_2,1002.0,41.0,household_agent_0,88.0,41.0,3441.0
182,,,3549.0,3353.0,generation_agent_3,1016.0,41.0,household_agent_0,105.0,41.0,3458.0
183,,,3603.0,3433.0,household_agent_1,1001.0,41.0,household_agent_0,47.0,41.0,3480.0
184,,,3604.0,3433.0,household_agent_2,1002.0,41.0,household_agent_0,62.0,41.0,3495.0
185,,,3605.0,3433.0,generation_agent_3,1016.0,41.0,household_agent_0,73.0,41.0,3506.0
186,,,3659.0,3526.0,household_agent_1,1001.0,41.0,household_agent_0,49.0,41.0,3575.0
187,,,3660.0,3526.0,household_agent_2,1002.0,41.0,household_agent_0,54.0,41.0,3580.0
188,,,3661.0,3526.0,generation_agent_3,1016.0,41.0,household_agent_0,64.0,41.0,3590.0
189,,,3715.0,3617.0,household_agent_1,1001.0,41.0,household_agent_0,47.0,41.0,3664.0
190,,,3716.0,3617.0,household_agent_2,1002.0,41.0,household_agent_0,52.0,41.0,3669.0
191,,,3717.0,3617.0,generation_agent_3,1016.0,41.0,household_agent_0,58.0,41.0,3675.0
192,,,3771.0,3676.0,household_agent_1,1001.0,41.0,household_agent_0,47.0,41.0,3723.0
193,,,3772.0,3676.0,household_agent_2,1002.0,41.0,household_agent_0,85.0,41.0,3761.0
194,,,3773.0,3676.0,generation_agent_3,1016.0,41.0,household_agent_0,123.0,41.0,3799.0
195,,,3827.0,3709.0,household_agent_1,1001.0,41.0,household_agent_0,47.0,41.0,3756.0
196,,,3828.0,3709.0,household_agent_2,1002.0,41.0,household_agent_0,83.0,41.0,3792.0
197,,,3829.0,3709.0,generation_agent_3,1016.0,41.0,household_agent_0,129.0,41.0,3838.0
198,,,3883.0,3765.0,household_agent_1,1001.0,41.0,household_agent_0,52.0,41.0,3817.0
199,,,3884.0,3765.0,household_agent_2,1002.0,41.0,household_agent_0,62.0,41.0,3827.0
200,,,3885.0,3765.0,generation_agent_3,1016.0,41.0,household_agent_0,114.0,41.0,3879.0
201,,,3939.0,3849.0,household_agent_1,1001.0,41.0,household_agent_0,49.0,41.0,3898.0
202,,,3940.0,3849.0,household_agent_2,1002.0,41.0,household_agent_0,58.0,41.0,3907.0
203,,,3941.0,3849.0,generation_agent_3,1016.0,41.0,household_agent_0,70.0,41.0,3919.0
204,,,3995.0,3945.0,household_agent_1,1001.0,41.0,household_agent_0,48.0,41.0,3993.0
205,,,3996.0,3945.0,household_agent_2,1002.0,41.0,household_agent_0,53.0,41.0,3998.0
206,,,3997.0,3945.0,generation_agent_3,1016.0,41.0,household_agent_0,63.0,41.0,4008.0
207,,,4051.0,4033.0,household_agent_1,1001.0,41.0,household_agent_0,48.0,41.0,4081.0
208,,,4052.0,4033.0,household_agent_2,1002.0,41.0,household_agent_0,54.0,41.0,4087.0
209,,,4053.0,4033.0,generation_agent_3,1016.0,41.0,household_agent_0,64.0,41.0,4097.0
210,,,4107.0,4118.0,household_agent_1,1001.0,41.0,household_agent_0,44.0,41.0,4162.0
211,,,4108.0,4118.0,household_agent_2,1002.0,41.0,household_agent_0,54.0,41.0,4172.0
212,,,4109.0,4118.0,generation_agent_3,1016.0,41.0,household_agent_0,130.0,41.0,4248.0
213,,,4163.0,4153.0,household_agent_1,1001.0,41.0,household_agent_0,57.0,41.0,4210.0
214,,,4164.0,4153.0,household_agent_2,1002.0,41.0,household_agent_0,79.0,41.0,4232.0
215,,,4165.0,4153.0,generation_agent_3,1016.0,41.0,household_agent_0,129.0,41.0,4282.0
216,,,4219.0,4175.0,household_agent_1,1001.0,41.0,household_agent_0,64.0,41.0,4239.0
217,,,4220.0,4175.0,household_agent_2,1002.0,41.0,household_agent_0,90.0,41.0,4265.0
218,,,4221.0,4175.0,generation_agent_3,1016.0,41.0,household_agent_0,152.0,41.0,4327.0
219,,,4275.0,4245.0,household_agent_1,1001.0,41.0,household_agent_0,60.0,41.0,4305.0
220,,,4276.0,4245.0,household_agent_2,1002.0,41.0,household_agent_0,119.0,82.0,4364.0
221,,,4277.0,4245.0,generation_agent_3,1016.0,41.0,household_agent_0,162.0,82.0,4407.0
222,,,4331.0,4262.0,household_agent_1,1001.0,41.0,household_agent_0,67.0,41.0,4329.0
223,,,4387.0,4279.0,household_agent_1,1001.0,41.0,household_agent_0,73.0,41.0,4352.0
224,,,4388.0,4279.0,household_agent_2,1002.0,41.0,household_agent_0,119.0,41.0,4398.0
225,,,4389.0,4279.0,generation_agent_3,1016.0,41.0,household_agent_0,143.0,41.0,4422.0
226,,,4443.0,4333.0,household_agent_1,1001.0,41.0,household_agent_0,44.0,41.0,4377.0
227,,,4444.0,4333.0,household_agent_2,1002.0,41.0,household_agent_0,91.0,41.0,4424.0
228,,,4445.0,4333.0,generation_agent_3,1016.0,41.0,household_agent_0,127.0,41.0,4460.0
229,,,4499.0,4366.0,household_agent_1,1001.0,41.0,household_agent_0,55.0,41.0,4421.0
230,,,4500.0,4366.0,household_agent_2,1002.0,41.0,household_agent_0,86.0,41.0,4452.0
231,,,4501.0,4366.0,generation_agent_3,1016.0,41.0,household_agent_0,123.0,41.0,4489.0
232,,,4555.0,4416.0,household_agent_1,1001.0,41.0,household_agent_0,42.0,41.0,4458.0
233,,,4556.0,4416.0,household_agent_2,1002.0,41.0,household_agent_0,62.0,41.0,4478.0
234,,,4557.0,4416.0,generation_agent_3,1016.0,41.0,household_agent_0,138.0,41.0,4554.0
235,,,4611.0,4488.0,household_agent_1,1001.0,41.0,household_agent_0,51.0,41.0,4539.0
236,,,4612.0,4488.0,household_agent_2,1002.0,41.0,household_agent_0,62.0,41.0,4550.0
237,,,4613.0,4488.0,generation_agent_3,1016.0,41.0,household_agent_0,96.0,41.0,4584.0
238,,,4667.0,4494.0,household_agent_1,1001.0,41.0,household_agent_0,73.0,41.0,4567.0
239,,,4668.0,4494.0,household_agent_2,1002.0,41.0,household_agent_0,79.0,41.0,4573.0
240,,,4669.0,4494.0,generation_agent_3,1016.0,41.0,household_agent_0,127.0,41.0,4621.0
241,,,4723.0,4591.0,household_agent_1,1001.0,41.0,household_agent_0,41.0,41.0,4632.0
242,,,4724.0,4591.0,household_agent_2,1002.0,41.0,household_agent_0,52.0,41.0,4643.0
243,,,4725.0,4591.0,generation_agent_3,1016.0,41.0,household_agent_0,75.0,41.0,4666.0
244,,,4779.0,4647.0,household_agent_1,1001.0,41.0,household_agent_0,46.0,41.0,4693.0
245,,,4780.0,4647.0,household_agent_2,1002.0,41.0,household_agent_0,58.0,41.0,4705.0
246,,,4781.0,4647.0,generation_agent_3,1016.0,41.0,household_agent_0,70.0,41.0,4717.0
247,,,4835.0,4714.0,household_agent_1,1001.0,41.0,household_agent_0,54.0,41.0,4768.0
248,,,4836.0,4714.0,household_agent_2,1002.0,41.0,household_agent_0,64.0,41.0,4778.0
249,,,4837.0,4714.0,generation_agent_3,1016.0,41.0,household_agent_0,100.0,41.0,4814.0
250,,,4891.0,4718.0,household_agent_1,1001.0,41.0,household_agent_0,78.0,41.0,4796.0
251,,,4892.0,4718.0,household_agent_2,1002.0,41.0,household_agent_0,94.0,41.0,4812.0
252,,,4893.0,4718.0,generation_agent_3,1016.0,41.0,household_agent_0,133.0,41.0,4851.0
253,,,4947.0,4796.0,household_agent_1,1001.0,41.0,household_agent_0,44.0,41.0,4840.0
254,,,4948.0,4796.0,household_agent_2,1002.0,41.0,household_agent_0,55.0,41.0,4851.0
255,,,4949.0,4796.0,generation_agent_3,1016.0,41.0,household_agent_0,66.0,41.0,4862.0
256,,,5003.0,4885.0,household_agent_1,1001.0,41.0,household_agent_0,47.0,41.0,4932.0
257,,,5004.0,4885.0,household_agent_2,1002.0,41.0,household_agent_0,52.0,41.0,4937.0
258,,,5005.0,4885.0,generation_agent_3,1016.0,41.0,household_agent_0,63.0,41.0,4948.0
259,,,5059.0,4945.0,household_agent_1,1001.0,41.0,household_agent_0,46.0,41.0,4991.0
260,,,5060.0,4945.0,household_agent_2,1002.0,41.0,household_agent_0,51.0,41.0,4996.0
261,,,5061.0,4945.0,generation_agent_3,1016.0,41.0,household_agent_0,62.0,41.0,5007.0
262,,,5115.0,5015.0,household_agent_1,1001.0,41.0,household_agent_0,75.0,41.0,5090.0
263,,,5116.0,5015.0,household_agent_2,1002.0,41.0,household_agent_0,82.0,41.0,5097.0
264,,,5117.0,5015.0,generation_agent_3,1016.0,41.0,household_agent_0,98.0,41.0,5113.0
265,,,5171.0,5034.0,household_agent_1,1001.0,41.0,household_agent_0,84.0,41.0,5118.0
266,,,5172.0,5034.0,household_agent_2,1002.0,41.0,household_agent_0,89.0,41.0,5123.0
267,,,5173.0,5034.0,generation_agent_3,1016.0,41.0,household_agent_0,128.0,41.0,5162.0
268,,,5227.0,5092.0,household_agent_1,1001.0,41.0,household_agent_0,42.0,41.0,5134.0
269,,,5228.0,5092.0,household_agent_2,1002.0,41.0,household_agent_0,54.0,41.0,5146.0
270,,,5229.0,5092.0,generation_agent_3,1016.0,41.0,household_agent_0,98.0,41.0,5190.0
271,,,22.0,127.0,household_agent_0,1000.0,41.0,household_agent_1,47.0,41.0,174.0
272,,,23.0,127.0,household_agent_2,1002.0,41.0,household_agent_1,63.0,41.0,190.0
273,,,78.0,205.0,household_agent_0,1000.0,41.0,household_agent_1,48.0,41.0,253.0
274,,,79.0,205.0,household_agent_2,1002.0,41.0,household_agent_1,52.0,41.0,257.0
275,,,134.0,253.0,household_agent_0,1000.0,41.0,household_agent_1,47.0,41.0,300.0
276,,,135.0,253.0,household_agent_2,1002.0,41.0,household_agent_1,122.0,41.0,375.0
277,,,190.0,303.0,household_agent_0,1000.0,41.0,household_agent_1,56.0,41.0,359.0
278,,,191.0,303.0,household_agent_2,1002.0,41.0,household_agent_1,101.0,41.0,404.0
279,,,246.0,397.0,household_agent_0,1000.0,41.0,household_agent_1,43.0,41.0,440.0
280,,,247.0,397.0,household_agent_2,1002.0,41.0,household_agent_1,55.0,41.0,452.0
281,,,302.0,455.0,household_agent_0,1000.0,41.0,household_agent_1,45.0,41.0,500.0
282,,,303.0,455.0,household_agent_2,1002.0,41.0,household_agent_1,63.0,41.0,518.0
283,,,358.0,461.0,household_agent_0,1000.0,41.0,household_agent_1,70.0,41.0,531.0
284,,,359.0,461.0,household_agent_2,1002.0,41.0,household_agent_1,95.0,41.0,556.0
285,,,414.0,559.0,household_agent_0,1000.0,41.0,household_agent_1,61.0,41.0,620.0
286,,,415.0,559.0,household_agent_2,1002.0,41.0,household_agent_1,82.0,41.0,641.0
287,,,470.0,571.0,household_agent_0,1000.0,41.0,household_agent_1,84.0,41.0,655.0
288,,,471.0,571.0,household_agent_2,1002.0,41.0,household_agent_1,102.0,41.0,673.0
289,,,526.0,669.0,household_agent_0,1000.0,41.0,household_agent_1,47.0,41.0,716.0
290,,,527.0,669.0,household_agent_2,1002.0,41.0,household_agent_1,89.0,41.0,758.0
291,,,582.0,670.0,household_agent_0,1000.0,41.0,household_agent_1,75.0,41.0,745.0
292,,,583.0,670.0,household_agent_2,1002.0,41.0,household_agent_1,142.0,41.0,812.0
293,,,638.0,707.0,household_agent_0,1000.0,41.0,household_agent_1,45.0,41.0,752.0
294,,,639.0,707.0,household_agent_2,1002.0,41.0,household_agent_1,124.0,41.0,831.0
295,,,694.0,753.0,household_agent_0,1000.0,41.0,household_agent_1,38.0,41.0,791.0
296,,,695.0,753.0,household_agent_2,1002.0,41.0,household_agent_1,120.0,41.0,873.0
297,,,750.0,843.0,household_agent_0,1000.0,41.0,household_agent_1,49.0,41.0,892.0
298,,,751.0,843.0,household_agent_2,1002.0,41.0,household_agent_1,79.0,41.0,922.0
299,,,806.0,943.0,household_agent_0,1000.0,41.0,household_agent_1,47.0,41.0,990.0
300,,,807.0,943.0,household_agent_2,1002.0,41.0,household_agent_1,63.0,41.0,1006.0
301,,,862.0,986.0,household_agent_0,1000.0,41.0,household_agent_1,50.0,41.0,1036.0
302,,,863.0,986.0,household_agent_2,1002.0,41.0,household_agent_1,133.0,41.0,1119.0
303,,,918.0,1026.0,household_agent_0,1000.0,41.0,household_agent_1,59.0,41.0,1085.0
304,,,919.0,1026.0,household_agent_2,1002.0,41.0,household_agent_1,93.0,41.0,1119.0
305,,,974.0,1044.0,household_agent_0,1000.0,41.0,household_agent_1,68.0,41.0,1112.0
306,,,975.0,1044.0,household_agent_2,1002.0,41.0,household_agent_1,117.0,41.0,1161.0
307,,,1030.0,1104.0,household_agent_0,1000.0,41.0,household_agent_1,46.0,41.0,1150.0
308,,,1031.0,1104.0,household_agent_2,1002.0,41.0,household_agent_1,58.0,41.0,1162.0
309,,,1086.0,1148.0,household_agent_0,1000.0,41.0,household_agent_1,54.0,41.0,1202.0
310,,,1087.0,1148.0,household_agent_2,1002.0,41.0,household_agent_1,65.0,41.0,1213.0
311,,,1142.0,1205.0,household_agent_0,1000.0,41.0,household_agent_1,52.0,41.0,1257.0
312,,,1143.0,1205.0,household_agent_2,1002.0,41.0,household_agent_1,88.0,41.0,1293.0
313,,,1198.0,1211.0,household_agent_0,1000.0,41.0,household_agent_1,82.0,41.0,1293.0
314,,,1199.0,1211.0,household_agent_2,1002.0,41.0,household_agent_1,140.0,41.0,1351.0
315,,,1254.0,1286.0,household_agent_0,1000.0,41.0,household_agent_1,47.0,41.0,1333.0
316,,,1255.0,1286.0,household_agent_2,1002.0,41.0,household_agent_1,83.0,41.0,1369.0
317,,,1310.0,1357.0,household_agent_0,1000.0,41.0,household_agent_1,41.0,41.0,1398.0
318,,,1311.0,1357.0,household_agent_2,1002.0,41.0,household_agent_1,68.0,41.0,1425.0
319,,,1366.0,1406.0,household_agent_0,1000.0,41.0,household_agent_1,56.0,41.0,1462.0
320,,,1367.0,1406.0,household_agent_2,1002.0,41.0,household_agent_1,71.0,41.0,1477.0
321,,,1422.0,1470.0,household_agent_0,1000.0,41.0,household_agent_1,45.0,41.0,1515.0
322,,,1423.0,1470.0,household_agent_2,1002.0,41.0,household_agent_1,56.0,41.0,1526.0
323,,,1478.0,1570.0,household_agent_0,1000.0,41.0,household_agent_1,47.0,41.0,1617.0
324,,,1479.0,1570.0,household_agent_2,1002.0,41.0,household_agent_1,74.0,41.0,1644.0
325,,,1534.0,1621.0,household_agent_0,1000.0,41.0,household_agent_1,48.0,41.0,1669.0
326,,,1535.0,1621.0,household_agent_2,1002.0,41.0,household_agent_1,65.0,41.0,1686.0
327,,,1590.0,1704.0,household_agent_0,1000.0,41.0,household_agent_1,45.0,41.0,1749.0
328,,,1591.0,1704.0,household_agent_2,1002.0,41.0,household_agent_1,61.0,41.0,1765.0
329,,,1646.0,1744.0,household_agent_0,1000.0,41.0,household_agent_1,48.0,41.0,1792.0
330,,,1647.0,1744.0,household_agent_2,1002.0,41.0,household_agent_1,139.0,123.0,1883.0
331,,,1702.0,1747.0,household_agent_0,1000.0,41.0,household_agent_1,77.0,41.0,1824.0
332,,,1758.0,1787.0,household_agent_0,1000.0,41.0,household_agent_1,57.0,41.0,1844.0
333,,,1814.0,1789.0,household_agent_0,1000.0,41.0,household_agent_1,83.0,41.0,1872.0
334,,,1815.0,1789.0,household_agent_2,1002.0,41.0,household_agent_1,154.0,41.0,1943.0
335,,,1870.0,1873.0,household_agent_0,1000.0,41.0,household_agent_1,49.0,41.0,1922.0
336,,,1871.0,1873.0,household_agent_2,1002.0,41.0,household_agent_1,70.0,41.0,1943.0
337,,,1926.0,1881.0,household_agent_0,1000.0,41.0,household_agent_1,93.0,41.0,1974.0
338,,,1927.0,1881.0,household_agent_2,1002.0,41.0,household_agent_1,97.0,41.0,1978.0
339,,,1982.0,1979.0,household_agent_0,1000.0,41.0,household_agent_1,48.0,41.0,2027.0
340,,,1983.0,1979.0,household_agent_2,1002.0,41.0,household_agent_1,110.0,82.0,2089.0
341,,,2038.0,2009.0,household_agent_0,1000.0,41.0,household_agent_1,74.0,41.0,2083.0
342,,,2094.0,2030.0,household_agent_0,1000.0,41.0,household_agent_1,82.0,41.0,2112.0
343,,,2095.0,2030.0,household_agent_2,1002.0,41.0,household_agent_1,109.0,41.0,2139.0
344,,,2150.0,2090.0,household_agent_0,1000.0,41.0,household_agent_1,44.0,41.0,2134.0
345,,,2151.0,2090.0,household_agent_2,1002.0,41.0,household_agent_1,83.0,41.0,2173.0
346,,,2206.0,2162.0,household_agent_0,1000.0,41.0,household_agent_1,58.0,41.0,2220.0
347,,,2207.0,2162.0,household_agent_2,1002.0,41.0,household_agent_1,74.0,41.0,2236.0
348,,,2262.0,2167.0,household_agent_0,1000.0,41.0,household_agent_1,82.0,41.0,2249.0
349,,,2263.0,2167.0,household_agent_2,1002.0,41.0,household_agent_1,107.0,41.0,2274.0
350,,,2318.0,2239.0,household_agent_0,1000.0,41.0,household_agent_1,68.0,41.0,2307.0
351,,,2319.0,2239.0,household_agent_2,1002.0,41.0,household_agent_1,133.0,82.0,2372.0
352,,,2374.0,2253.0,household_agent_0,1000.0,41.0,household_agent_1,67.0,41.0,2320.0
353,,,2430.0,2269.0,household_agent_0,1000.0,41.0,household_agent_1,82.0,41.0,2351.0
354,,,2431.0,2269.0,household_agent_2,1002.0,41.0,household_agent_1,140.0,41.0,2409.0
355,,,2486.0,2336.0,household_agent_0,1000.0,41.0,household_agent_1,79.0,41.0,2415.0
356,,,2487.0,2336.0,household_agent_2,1002.0,41.0,household_agent_1,113.0,41.0,2449.0
357,,,2542.0,2368.0,household_agent_0,1000.0,41.0,household_agent_1,68.0,41.0,2436.0
358,,,2543.0,2368.0,household_agent_2,1002.0,41.0,household_agent_1,104.0,41.0,2472.0
359,,,2598.0,2417.0,household_agent_0,1000.0,41.0,household_agent_1,54.0,41.0,2471.0
360,,,2599.0,2417.0,household_agent_2,1002.0,41.0,household_agent_1,89.0,41.0,2506.0
361,,,2654.0,2489.0,household_agent_0,1000.0,41.0,household_agent_1,52.0,41.0,2541.0
362,,,2655.0,2489.0,household_agent_2,1002.0,41.0,household_agent_1,75.0,41.0,2564.0
363,,,2710.0,2569.0,household_agent_0,1000.0,41.0,household_agent_1,43.0,41.0,2612.0
364,,,2711.0,2569.0,household_agent_2,1002.0,41.0,household_agent_1,56.0,41.0,2625.0
365,,,2766.0,2640.0,household_agent_0,1000.0,41.0,household_agent_1,56.0,41.0,2696.0
366,,,2767.0,2640.0,household_agent_2,1002.0,41.0,household_agent_1,97.0,41.0,2737.0
367,,,2822.0,2652.0,household_agent_0,1000.0,41.0,household_agent_1,73.0,41.0,2725.0
368,,,2823.0,2652.0,household_agent_2,1002.0,41.0,household_agent_1,101.0,41.0,2753.0
369,,,2878.0,2699.0,household_agent_0,1000.0,41.0,household_agent_1,49.0,41.0,2748.0
370,,,2879.0,2699.0,household_agent_2,1002.0,41.0,household_agent_1,94.0,41.0,2793.0
371,,,2934.0,2799.0,household_agent_0,1000.0,41.0,household_agent_1,46.0,41.0,2845.0
372,,,2935.0,2799.0,household_agent_2,1002.0,41.0,household_agent_1,106.0,41.0,2905.0
373,,,2990.0,2839.0,household_agent_0,1000.0,41.0,household_agent_1,49.0,41.0,2888.0
374,,,2991.0,2839.0,household_agent_2,1002.0,41.0,household_agent_1,100.0,41.0,2939.0
375,,,3046.0,2873.0,household_agent_0,1000.0,41.0,household_agent_1,54.0,41.0,2927.0
376,,,3047.0,2873.0,household_agent_2,1002.0,41.0,household_agent_1,91.0,41.0,2964.0
377,,,3102.0,2968.0,household_agent_0,1000.0,41.0,household_agent_1,41.0,41.0,3009.0
378,,,3103.0,2968.0,household_agent_2,1002.0,41.0,household_agent_1,113.0,41.0,3081.0
379,,,3158.0,3002.0,household_agent_0,1000.0,41.0,household_agent_1,46.0,41.0,3048.0
380,,,3159.0,3002.0,household_agent_2,1002.0,41.0,household_agent_1,110.0,41.0,3112.0
381,,,3214.0,3045.0,household_agent_0,1000.0,41.0,household_agent_1,47.0,41.0,3092.0
382,,,3215.0,3045.0,household_agent_2,1002.0,41.0,household_agent_1,132.0,41.0,3177.0
383,,,3270.0,3096.0,household_agent_0,1000.0,41.0,household_agent_1,44.0,41.0,3140.0
384,,,3271.0,3096.0,household_agent_2,1002.0,41.0,household_agent_1,81.0,41.0,3177.0
385,,,3326.0,3161.0,household_agent_0,1000.0,41.0,household_agent_1,40.0,41.0,3201.0
386,,,3327.0,3161.0,household_agent_2,1002.0,41.0,household_agent_1,97.0,41.0,3258.0
387,,,3382.0,3188.0,household_agent_0,1000.0,41.0,household_agent_1,57.0,41.0,3245.0
388,,,3383.0,3188.0,household_agent_2,1002.0,41.0,household_agent_1,103.0,41.0,3291.0
389,,,3438.0,3275.0,household_agent_0,1000.0,41.0,household_agent_1,48.0,41.0,3323.0
390,,,3439.0,3275.0,household_agent_2,1002.0,41.0,household_agent_1,80.0,41.0,3355.0
391,,,3494.0,3345.0,household_agent_0,1000.0,41.0,household_agent_1,56.0,41.0,3401.0
392,,,3495.0,3345.0,household_agent_2,1002.0,41.0,household_agent_1,86.0,41.0,3431.0
393,,,3550.0,3353.0,household_agent_0,1000.0,41.0,household_agent_1,71.0,41.0,3424.0
394,,,3551.0,3353.0,household_agent_2,1002.0,41.0,household_agent_1,113.0,41.0,3466.0
395,,,3606.0,3433.0,household_agent_0,1000.0,41.0,household_agent_1,44.0,41.0,3477.0
396,,,3607.0,3433.0,household_agent_2,1002.0,41.0,household_agent_1,57.0,41.0,3490.0
397,,,3662.0,3526.0,household_agent_0,1000.0,41.0,household_agent_1,47.0,41.0,3573.0
398,,,3663.0,3526.0,household_agent_2,1002.0,41.0,household_agent_1,75.0,41.0,3601.0
399,,,3718.0,3617.0,household_agent_0,1000.0,41.0,household_agent_1,50.0,41.0,3667.0
400,,,3719.0,3617.0,household_agent_2,1002.0,41.0,household_agent_1,55.0,41.0,3672.0
401,,,3774.0,3676.0,household_agent_0,1000.0,41.0,household_agent_1,47.0,41.0,3723.0
402,,,3775.0,3676.0,household_agent_2,1002.0,41.0,household_agent_1,90.0,41.0,3766.0
403,,,3830.0,3709.0,household_agent_0,1000.0,41.0,household_agent_1,52.0,41.0,3761.0
404,,,3831.0,3709.0,household_agent_2,1002.0,41.0,household_agent_1,98.0,41.0,3807.0
405,,,3886.0,3765.0,household_agent_0,1000.0,41.0,household_agent_1,37.0,41.0,3802.0
406,,,3887.0,3765.0,household_agent_2,1002.0,41.0,household_agent_1,79.0,41.0,3844.0
407,,,3942.0,3849.0,household_agent_0,1000.0,41.0,household_agent_1,41.0,41.0,3890.0
408,,,3943.0,3849.0,household_agent_2,1002.0,41.0,household_agent_1,69.0,41.0,3918.0
409,,,3998.0,3945.0,household_agent_0,1000.0,41.0,household_agent_1,47.0,41.0,3992.0
410,,,3999.0,3945.0,household_agent_2,1002.0,41.0,household_agent_1,52.0,41.0,3997.0
411,,,4054.0,4033.0,household_agent_0,1000.0,41.0,household_agent_1,48.0,41.0,4081.0
412,,,4055.0,4033.0,household_agent_2,1002.0,41.0,household_agent_1,74.0,41.0,4107.0
413,,,4110.0,4118.0,household_agent_0,1000.0,41.0,household_agent_1,47.0,41.0,4165.0
414,,,4111.0,4118.0,household_agent_2,1002.0,41.0,household_agent_1,89.0,41.0,4207.0
415,,,4166.0,4153.0,household_agent_0,1000.0,41.0,household_agent_1,62.0,41.0,4215.0
416,,,4167.0,4153.0,household_agent_2,1002.0,41.0,household_agent_1,80.0,41.0,4233.0
417,,,4222.0,4175.0,household_agent_0,1000.0,41.0,household_agent_1,65.0,41.0,4240.0
418,,,4223.0,4175.0,household_agent_2,1002.0,41.0,household_agent_1,89.0,41.0,4264.0
419,,,4278.0,4245.0,household_agent_0,1000.0,41.0,household_agent_1,70.0,41.0,4315.0
420,,,4279.0,4245.0,household_agent_2,1002.0,41.0,household_agent_1,120.0,82.0,4365.0
421,,,4334.0,4262.0,household_agent_0,1000.0,41.0,household_agent_1,64.0,41.0,4326.0
422,,,4390.0,4279.0,household_agent_0,1000.0,41.0,household_agent_1,75.0,41.0,4354.0
423,,,4391.0,4279.0,household_agent_2,1002.0,41.0,household_agent_1,110.0,41.0,4389.0
424,,,4446.0,4333.0,household_agent_0,1000.0,41.0,household_agent_1,42.0,41.0,4375.0
425,,,4447.0,4333.0,household_agent_2,1002.0,41.0,household_agent_1,114.0,41.0,4447.0
426,,,4502.0,4366.0,household_agent_0,1000.0,41.0,household_agent_1,51.0,41.0,4417.0
427,,,4503.0,4366.0,household_agent_2,1002.0,41.0,household_agent_1,140.0,41.0,4506.0
428,,,4558.0,4416.0,household_agent_0,1000.0,41.0,household_agent_1,45.0,41.0,4461.0
429,,,4559.0,4416.0,household_agent_2,1002.0,41.0,household_agent_1,131.0,41.0,4547.0
430,,,4614.0,4488.0,household_agent_0,1000.0,41.0,household_agent_1,48.0,41.0,4536.0
431,,,4615.0,4488.0,household_agent_2,1002.0,41.0,household_agent_1,82.0,41.0,4570.0
432,,,4670.0,4494.0,household_agent_0,1000.0,41.0,household_agent_1,66.0,41.0,4560.0
433,,,4671.0,4494.0,household_agent_2,1002.0,41.0,household_agent_1,104.0,41.0,4598.0
434,,,4726.0,4591.0,household_agent_0,1000.0,41.0,household_agent_1,44.0,41.0,4635.0
435,,,4727.0,4591.0,household_agent_2,1002.0,41.0,household_agent_1,78.0,41.0,4669.0
436,,,4782.0,4647.0,household_agent_0,1000.0,41.0,household_agent_1,43.0,41.0,4690.0
437,,,4783.0,4647.0,household_agent_2,1002.0,41.0,household_agent_1,77.0,41.0,4724.0
438,,,4838.0,4714.0,household_agent_0,1000.0,41.0,household_agent_1,44.0,41.0,4758.0
439,,,4839.0,4714.0,household_agent_2,1002.0,41.0,household_agent_1,78.0,41.0,4792.0
440,,,4894.0,4718.0,household_agent_0,1000.0,41.0,household_agent_1,70.0,41.0,4788.0
441,,,4895.0,4718.0,household_agent_2,1002.0,41.0,household_agent_1,112.0,41.0,4830.0
442,,,4950.0,4796.0,household_agent_0,1000.0,41.0,household_agent_1,46.0,41.0,4842.0
443,,,4951.0,4796.0,household_agent_2,1002.0,41.0,household_agent_1,67.0,41.0,4863.0
444,,,5006.0,4885.0,household_agent_0,1000.0,41.0,household_agent_1,45.0,41.0,4930.0
445,,,5007.0,4885.0,household_agent_2,1002.0,41.0,household_agent_1,74.0,41.0,4959.0
446,,,5062.0,4945.0,household_agent_0,1000.0,41.0,household_agent_1,47.0,41.0,4992.0
447,,,5063.0,4945.0,household_agent_2,1002.0,41.0,household_agent_1,76.0,41.0,5021.0
448,,,5118.0,5015.0,household_agent_0,1000.0,41.0,household_agent_1,83.0,41.0,5098.0
449,,,5119.0,5015.0,household_agent_2,1002.0,41.0,household_agent_1,94.0,41.0,5109.0
450,,,5174.0,5034.0,household_agent_0,1000.0,41.0,household_agent_1,92.0,41.0,5126.0
451,,,5175.0,5034.0,household_agent_2,1002.0,41.0,household_agent_1,139.0,41.0,5173.0
452,,,5230.0,5092.0,household_agent_0,1000.0,41.0,household_agent_1,52.0,41.0,5144.0
453,,,5231.0,5092.0,household_agent_2,1002.0,41.0,household_agent_1,81.0,41.0,5173.0
454,,,8.0,127.0,household_agent_0,1000.0,41.0,household_agent_2,54.0,41.0,181.0
455,,,9.0,127.0,household_agent_1,1001.0,41.0,household_agent_2,61.0,41.0,188.0
456,,,10.0,127.0,household_agent_3,1003.0,41.0,household_agent_2,43.0,41.0,170.0
457,,,11.0,127.0,household_agent_6,1006.0,41.0,household_agent_2,71.0,41.0,198.0
458,,,64.0,205.0,household_agent_0,1000.0,41.0,household_agent_2,53.0,41.0,258.0
459,,,65.0,205.0,household_agent_1,1001.0,41.0,household_agent_2,82.0,41.0,287.0
460,,,66.0,205.0,household_agent_3,1003.0,41.0,household_agent_2,46.0,41.0,251.0
461,,,67.0,205.0,household_agent_6,1006.0,41.0,household_agent_2,107.0,41.0,312.0
462,,,120.0,253.0,household_agent_0,1000.0,41.0,household_agent_2,48.0,41.0,301.0
463,,,121.0,253.0,household_agent_1,1001.0,41.0,household_agent_2,109.0,41.0,362.0
464,,,122.0,253.0,household_agent_3,1003.0,41.0,household_agent_2,39.0,41.0,292.0
465,,,123.0,253.0,household_agent_6,1006.0,41.0,household_agent_2,119.0,41.0,372.0
466,,,176.0,303.0,household_agent_0,1000.0,41.0,household_agent_2,49.0,41.0,352.0
467,,,177.0,303.0,household_agent_1,1001.0,41.0,household_agent_2,92.0,41.0,395.0
468,,,178.0,303.0,household_agent_3,1003.0,41.0,household_agent_2,36.0,41.0,339.0
469,,,179.0,303.0,household_agent_6,1006.0,41.0,household_agent_2,98.0,41.0,401.0
470,,,232.0,397.0,household_agent_0,1000.0,41.0,household_agent_2,62.0,41.0,459.0
471,,,233.0,397.0,household_agent_1,1001.0,41.0,household_agent_2,89.0,41.0,486.0
472,,,234.0,397.0,household_agent_3,1003.0,41.0,household_agent_2,48.0,41.0,445.0
473,,,235.0,397.0,household_agent_6,1006.0,41.0,household_agent_2,106.0,41.0,503.0
474,,,288.0,455.0,household_agent_0,1000.0,41.0,household_agent_2,72.0,41.0,527.0
475,,,289.0,455.0,household_agent_1,1001.0,41.0,household_agent_2,81.0,41.0,536.0
476,,,290.0,455.0,household_agent_3,1003.0,41.0,household_agent_2,49.0,41.0,504.0
477,,,291.0,455.0,household_agent_6,1006.0,41.0,household_agent_2,92.0,41.0,547.0
478,,,344.0,461.0,household_agent_0,1000.0,41.0,household_agent_2,99.0,41.0,560.0
479,,,345.0,461.0,household_agent_1,1001.0,41.0,household_agent_2,116.0,41.0,577.0
480,,,346.0,461.0,household_agent_3,1003.0,41.0,household_agent_2,69.0,41.0,530.0
481,,,347.0,461.0,household_agent_6,1006.0,41.0,household_agent_2,176.0,41.0,637.0
482,,,400.0,559.0,household_agent_0,1000.0,41.0,household_agent_2,70.0,41.0,629.0
483,,,401.0,559.0,household_agent_1,1001.0,41.0,household_agent_2,80.0,41.0,639.0
484,,,402.0,559.0,household_agent_3,1003.0,41.0,household_agent_2,52.0,41.0,611.0
485,,,403.0,559.0,household_agent_6,1006.0,41.0,household_agent_2,261.0,41.0,820.0
486,,,456.0,571.0,household_agent_0,1000.0,41.0,household_agent_2,83.0,41.0,654.0
487,,,457.0,571.0,household_agent_1,1001.0,41.0,household_agent_2,99.0,41.0,670.0
488,,,458.0,571.0,household_agent_3,1003.0,41.0,household_agent_2,71.0,41.0,642.0
489,,,459.0,571.0,household_agent_6,1006.0,41.0,household_agent_2,300.0,41.0,871.0
490,,,512.0,669.0,household_agent_0,1000.0,41.0,household_agent_2,79.0,41.0,748.0
491,,,513.0,669.0,household_agent_1,1001.0,41.0,household_agent_2,141.0,82.0,810.0
492,,,514.0,669.0,household_agent_3,1003.0,41.0,household_agent_2,57.0,41.0,726.0
493,,,515.0,669.0,household_agent_6,1006.0,41.0,household_agent_2,203.0,82.0,872.0
494,,,568.0,670.0,household_agent_0,1000.0,41.0,household_agent_2,111.0,41.0,781.0
495,,,570.0,670.0,household_agent_3,1003.0,41.0,household_agent_2,73.0,41.0,743.0
496,,,624.0,707.0,household_agent_0,1000.0,41.0,household_agent_2,102.0,41.0,809.0
497,,,625.0,707.0,household_agent_1,1001.0,41.0,household_agent_2,135.0,41.0,842.0
498,,,626.0,707.0,household_agent_3,1003.0,41.0,household_agent_2,69.0,41.0,776.0
499,,,627.0,707.0,household_agent_6,1006.0,41.0,household_agent_2,209.0,82.0,916.0
500,,,680.0,753.0,household_agent_0,1000.0,41.0,household_agent_2,84.0,41.0,837.0
501,,,681.0,753.0,household_agent_1,1001.0,41.0,household_agent_2,123.0,41.0,876.0
502,,,682.0,753.0,household_agent_3,1003.0,41.0,household_agent_2,45.0,41.0,798.0
503,,,736.0,843.0,household_agent_0,1000.0,41.0,household_agent_2,51.0,41.0,894.0
504,,,737.0,843.0,household_agent_1,1001.0,41.0,household_agent_2,67.0,41.0,910.0
505,,,738.0,843.0,household_agent_3,1003.0,41.0,household_agent_2,44.0,41.0,887.0
506,,,739.0,843.0,household_agent_6,1006.0,41.0,household_agent_2,97.0,41.0,940.0
507,,,792.0,943.0,household_agent_0,1000.0,41.0,household_agent_2,53.0,41.0,996.0
508,,,793.0,943.0,household_agent_1,1001.0,41.0,household_agent_2,73.0,41.0,1016.0
509,,,794.0,943.0,household_agent_3,1003.0,41.0,household_agent_2,42.0,41.0,985.0
510,,,795.0,943.0,household_agent_6,1006.0,41.0,household_agent_2,204.0,41.0,1147.0
511,,,848.0,986.0,household_agent_0,1000.0,41.0,household_agent_2,94.0,41.0,1080.0
512,,,849.0,986.0,household_agent_1,1001.0,41.0,household_agent_2,144.0,82.0,1130.0
513,,,850.0,986.0,household_agent_3,1003.0,41.0,household_agent_2,43.0,41.0,1029.0
514,,,851.0,986.0,household_agent_6,1006.0,41.0,household_agent_2,292.0,164.0,1278.0
515,,,904.0,1026.0,household_agent_0,1000.0,41.0,household_agent_2,66.0,41.0,1092.0
516,,,906.0,1026.0,household_agent_3,1003.0,41.0,household_agent_2,60.0,41.0,1086.0
517,,,960.0,1044.0,household_agent_0,1000.0,41.0,household_agent_2,82.0,41.0,1126.0
518,,,961.0,1044.0,household_agent_1,1001.0,41.0,household_agent_2,142.0,41.0,1186.0
519,,,962.0,1044.0,household_agent_3,1003.0,41.0,household_agent_2,68.0,41.0,1112.0
520,,,1016.0,1104.0,household_agent_0,1000.0,41.0,household_agent_2,99.0,41.0,1203.0
521,,,1017.0,1104.0,household_agent_1,1001.0,41.0,household_agent_2,158.0,41.0,1262.0
522,,,1018.0,1104.0,household_agent_3,1003.0,41.0,household_agent_2,48.0,41.0,1152.0
523,,,1072.0,1148.0,household_agent_0,1000.0,41.0,household_agent_2,83.0,41.0,1231.0
524,,,1073.0,1148.0,household_agent_1,1001.0,41.0,household_agent_2,129.0,41.0,1277.0
525,,,1074.0,1148.0,household_agent_3,1003.0,41.0,household_agent_2,51.0,41.0,1199.0
526,,,1075.0,1148.0,household_agent_6,1006.0,41.0,household_agent_2,209.0,41.0,1357.0
527,,,1128.0,1205.0,household_agent_0,1000.0,41.0,household_agent_2,57.0,41.0,1262.0
528,,,1129.0,1205.0,household_agent_1,1001.0,41.0,household_agent_2,124.0,41.0,1329.0
529,,,1130.0,1205.0,household_agent_3,1003.0,41.0,household_agent_2,44.0,41.0,1249.0
530,,,1131.0,1205.0,household_agent_6,1006.0,41.0,household_agent_2,238.0,82.0,1443.0
531,,,1184.0,1211.0,household_agent_0,1000.0,41.0,household_agent_2,91.0,41.0,1302.0
532,,,1185.0,1211.0,household_agent_1,1001.0,41.0,household_agent_2,140.0,41.0,1351.0
533,,,1186.0,1211.0,household_agent_3,1003.0,41.0,household_agent_2,70.0,41.0,1281.0
534,,,1240.0,1286.0,household_agent_0,1000.0,41.0,household_agent_2,61.0,41.0,1347.0
535,,,1241.0,1286.0,household_agent_1,1001.0,41.0,household_agent_2,106.0,41.0,1392.0
536,,,1242.0,1286.0,household_agent_3,1003.0,41.0,household_agent_2,38.0,41.0,1324.0
537,,,1243.0,1286.0,household_agent_6,1006.0,41.0,household_agent_2,223.0,41.0,1509.0
538,,,1296.0,1357.0,household_agent_0,1000.0,41.0,household_agent_2,72.0,41.0,1429.0
539,,,1297.0,1357.0,household_agent_1,1001.0,41.0,household_agent_2,52.0,41.0,1409.0
540,,,1298.0,1357.0,household_agent_3,1003.0,41.0,household_agent_2,47.0,41.0,1404.0
541,,,1299.0,1357.0,household_agent_6,1006.0,41.0,household_agent_2,191.0,41.0,1548.0
542,,,1352.0,1406.0,household_agent_0,1000.0,41.0,household_agent_2,59.0,41.0,1465.0
543,,,1353.0,1406.0,household_agent_1,1001.0,41.0,household_agent_2,81.0,41.0,1487.0
544,,,1354.0,1406.0,household_agent_3,1003.0,41.0,household_agent_2,51.0,41.0,1457.0
545,,,1355.0,1406.0,household_agent_6,1006.0,41.0,household_agent_2,147.0,41.0,1553.0
546,,,1408.0,1470.0,household_agent_0,1000.0,41.0,household_agent_2,50.0,41.0,1520.0
547,,,1409.0,1470.0,household_agent_1,1001.0,41.0,household_agent_2,62.0,41.0,1532.0
548,,,1410.0,1470.0,household_agent_3,1003.0,41.0,household_agent_2,39.0,41.0,1509.0
549,,,1411.0,1470.0,household_agent_6,1006.0,41.0,household_agent_2,122.0,41.0,1592.0
550,,,1464.0,1570.0,household_agent_0,1000.0,41.0,household_agent_2,55.0,41.0,1625.0
551,,,1465.0,1570.0,household_agent_1,1001.0,41.0,household_agent_2,78.0,41.0,1648.0
552,,,1466.0,1570.0,household_agent_3,1003.0,41.0,household_agent_2,44.0,41.0,1614.0
553,,,1467.0,1570.0,household_agent_6,1006.0,41.0,household_agent_2,84.0,41.0,1654.0
554,,,1520.0,1621.0,household_agent_0,1000.0,41.0,household_agent_2,66.0,41.0,1687.0
555,,,1521.0,1621.0,household_agent_1,1001.0,41.0,household_agent_2,77.0,41.0,1698.0
556,,,1522.0,1621.0,household_agent_3,1003.0,41.0,household_agent_2,56.0,41.0,1677.0
557,,,1523.0,1621.0,household_agent_6,1006.0,41.0,household_agent_2,88.0,41.0,1709.0
558,,,1576.0,1704.0,household_agent_0,1000.0,41.0,household_agent_2,53.0,41.0,1757.0
559,,,1577.0,1704.0,household_agent_1,1001.0,41.0,household_agent_2,73.0,41.0,1777.0
560,,,1578.0,1704.0,household_agent_3,1003.0,41.0,household_agent_2,43.0,41.0,1747.0
561,,,1579.0,1704.0,household_agent_6,1006.0,41.0,household_agent_2,180.0,41.0,1884.0
562,,,1632.0,1744.0,household_agent_0,1000.0,41.0,household_agent_2,65.0,41.0,1809.0
563,,,1633.0,1744.0,household_agent_1,1001.0,41.0,household_agent_2,136.0,123.0,1880.0
564,,,1634.0,1744.0,household_agent_3,1003.0,41.0,household_agent_2,44.0,41.0,1788.0
565,,,1635.0,1744.0,household_agent_6,1006.0,41.0,household_agent_2,252.0,164.0,1996.0
566,,,1688.0,1747.0,household_agent_0,1000.0,41.0,household_agent_2,104.0,41.0,1851.0
567,,,1690.0,1747.0,household_agent_3,1003.0,41.0,household_agent_2,67.0,41.0,1814.0
568,,,1744.0,1787.0,household_agent_0,1000.0,41.0,household_agent_2,75.0,41.0,1862.0
569,,,1746.0,1787.0,household_agent_3,1003.0,41.0,household_agent_2,45.0,41.0,1832.0
570,,,1800.0,1789.0,household_agent_0,1000.0,41.0,household_agent_2,96.0,41.0,1885.0
571,,,1801.0,1789.0,household_agent_1,1001.0,41.0,household_agent_2,129.0,41.0,1918.0
572,,,1802.0,1789.0,household_agent_3,1003.0,41.0,household_agent_2,84.0,41.0,1873.0
573,,,1856.0,1873.0,household_agent_0,1000.0,41.0,household_agent_2,62.0,41.0,1935.0
574,,,1857.0,1873.0,household_agent_1,1001.0,41.0,household_agent_2,67.0,41.0,1940.0
575,,,1858.0,1873.0,household_agent_3,1003.0,41.0,household_agent_2,45.0,41.0,1918.0
576,,,1859.0,1873.0,household_agent_6,1006.0,41.0,household_agent_2,203.0,82.0,2076.0
577,,,1912.0,1881.0,household_agent_0,1000.0,41.0,household_agent_2,98.0,41.0,1979.0
578,,,1913.0,1881.0,household_agent_1,1001.0,41.0,household_agent_2,103.0,41.0,1984.0
579,,,1914.0,1881.0,household_agent_3,1003.0,41.0,household_agent_2,63.0,41.0,1944.0
580,,,1968.0,1979.0,household_agent_0,1000.0,41.0,household_agent_2,105.0,41.0,2084.0
581,,,1969.0,1979.0,household_agent_1,1001.0,41.0,household_agent_2,108.0,41.0,2087.0
582,,,1970.0,1979.0,household_agent_3,1003.0,41.0,household_agent_2,46.0,41.0,2025.0
583,,,1971.0,1979.0,household_agent_6,1006.0,41.0,household_agent_2,268.0,41.0,2247.0
584,,,2024.0,2009.0,household_agent_0,1000.0,41.0,household_agent_2,106.0,41.0,2115.0
585,,,2025.0,2009.0,household_agent_1,1001.0,41.0,household_agent_2,84.0,41.0,2093.0
586,,,2026.0,2009.0,household_agent_3,1003.0,41.0,household_agent_2,69.0,41.0,2078.0
587,,,2027.0,2009.0,household_agent_6,1006.0,41.0,household_agent_2,439.0,82.0,2448.0
588,,,2080.0,2030.0,household_agent_0,1000.0,41.0,household_agent_2,115.0,41.0,2145.0
589,,,2081.0,2030.0,household_agent_1,1001.0,41.0,household_agent_2,129.0,41.0,2159.0
590,,,2082.0,2030.0,household_agent_3,1003.0,41.0,household_agent_2,74.0,41.0,2104.0
591,,,2136.0,2090.0,household_agent_0,1000.0,41.0,household_agent_2,59.0,41.0,2149.0
592,,,2137.0,2090.0,household_agent_1,1001.0,41.0,household_agent_2,80.0,41.0,2170.0
593,,,2138.0,2090.0,household_agent_3,1003.0,41.0,household_agent_2,51.0,41.0,2141.0
594,,,2139.0,2090.0,household_agent_6,1006.0,41.0,household_agent_2,402.0,41.0,2492.0
595,,,2192.0,2162.0,household_agent_0,1000.0,41.0,household_agent_2,80.0,41.0,2242.0
596,,,2193.0,2162.0,household_agent_1,1001.0,41.0,household_agent_2,85.0,41.0,2247.0
597,,,2194.0,2162.0,household_agent_3,1003.0,41.0,household_agent_2,44.0,41.0,2206.0
598,,,2195.0,2162.0,household_agent_6,1006.0,41.0,household_agent_2,330.0,123.0,2492.0
599,,,2248.0,2167.0,household_agent_0,1000.0,41.0,household_agent_2,123.0,41.0,2290.0
600,,,2249.0,2167.0,household_agent_1,1001.0,41.0,household_agent_2,160.0,41.0,2327.0
601,,,2250.0,2167.0,household_agent_3,1003.0,41.0,household_agent_2,69.0,41.0,2236.0
602,,,2304.0,2239.0,household_agent_0,1000.0,41.0,household_agent_2,87.0,82.0,2326.0
603,,,2305.0,2239.0,household_agent_1,1001.0,41.0,household_agent_2,133.0,41.0,2372.0
604,,,2306.0,2239.0,household_agent_3,1003.0,41.0,household_agent_2,66.0,41.0,2305.0
605,,,2361.0,2253.0,household_agent_1,1001.0,41.0,household_agent_2,158.0,82.0,2411.0
606,,,2362.0,2253.0,household_agent_3,1003.0,41.0,household_agent_2,64.0,41.0,2317.0
607,,,2363.0,2253.0,household_agent_6,1006.0,41.0,household_agent_2,269.0,41.0,2522.0
608,,,2416.0,2269.0,household_agent_0,1000.0,41.0,household_agent_2,90.0,41.0,2359.0
609,,,2418.0,2269.0,household_agent_3,1003.0,41.0,household_agent_2,73.0,41.0,2342.0
610,,,2419.0,2269.0,household_agent_6,1006.0,41.0,household_agent_2,290.0,123.0,2559.0
611,,,2472.0,2336.0,household_agent_0,1000.0,41.0,household_agent_2,103.0,41.0,2439.0
612,,,2473.0,2336.0,household_agent_1,1001.0,41.0,household_agent_2,113.0,41.0,2449.0
613,,,2474.0,2336.0,household_agent_3,1003.0,41.0,household_agent_2,45.0,41.0,2381.0
614,,,2528.0,2368.0,household_agent_0,1000.0,41.0,household_agent_2,96.0,41.0,2464.0
615,,,2529.0,2368.0,household_agent_1,1001.0,41.0,household_agent_2,105.0,41.0,2473.0
616,,,2530.0,2368.0,household_agent_3,1003.0,41.0,household_agent_2,51.0,41.0,2419.0
617,,,2584.0,2417.0,household_agent_0,1000.0,41.0,household_agent_2,64.0,41.0,2481.0
618,,,2585.0,2417.0,household_agent_1,1001.0,41.0,household_agent_2,92.0,41.0,2509.0
619,,,2586.0,2417.0,household_agent_3,1003.0,41.0,household_agent_2,41.0,41.0,2458.0
620,,,2587.0,2417.0,household_agent_6,1006.0,41.0,household_agent_2,144.0,41.0,2561.0
621,,,2640.0,2489.0,household_agent_0,1000.0,41.0,household_agent_2,53.0,41.0,2542.0
622,,,2641.0,2489.0,household_agent_1,1001.0,41.0,household_agent_2,64.0,41.0,2553.0
623,,,2642.0,2489.0,household_agent_3,1003.0,41.0,household_agent_2,38.0,41.0,2527.0
624,,,2643.0,2489.0,household_agent_6,1006.0,41.0,household_agent_2,111.0,41.0,2600.0
625,,,2696.0,2569.0,household_agent_0,1000.0,41.0,household_agent_2,49.0,41.0,2618.0
626,,,2697.0,2569.0,household_agent_1,1001.0,41.0,household_agent_2,64.0,41.0,2633.0
627,,,2698.0,2569.0,household_agent_3,1003.0,41.0,household_agent_2,47.0,41.0,2616.0
628,,,2699.0,2569.0,household_agent_6,1006.0,41.0,household_agent_2,70.0,41.0,2639.0
629,,,2752.0,2640.0,household_agent_0,1000.0,41.0,household_agent_2,87.0,41.0,2727.0
630,,,2753.0,2640.0,household_agent_1,1001.0,41.0,household_agent_2,95.0,41.0,2735.0
631,,,2754.0,2640.0,household_agent_3,1003.0,41.0,household_agent_2,73.0,41.0,2713.0
632,,,2755.0,2640.0,household_agent_6,1006.0,41.0,household_agent_2,140.0,41.0,2780.0
633,,,2808.0,2652.0,household_agent_0,1000.0,41.0,household_agent_2,119.0,41.0,2771.0
634,,,2809.0,2652.0,household_agent_1,1001.0,41.0,household_agent_2,121.0,41.0,2773.0
635,,,2810.0,2652.0,household_agent_3,1003.0,41.0,household_agent_2,85.0,41.0,2737.0
636,,,2811.0,2652.0,household_agent_6,1006.0,41.0,household_agent_2,128.0,41.0,2780.0
637,,,2864.0,2699.0,household_agent_0,1000.0,41.0,household_agent_2,106.0,41.0,2805.0
638,,,2865.0,2699.0,household_agent_1,1001.0,41.0,household_agent_2,118.0,41.0,2817.0
639,,,2866.0,2699.0,household_agent_3,1003.0,41.0,household_agent_2,54.0,41.0,2753.0
640,,,2867.0,2699.0,household_agent_6,1006.0,41.0,household_agent_2,128.0,41.0,2827.0
641,,,2920.0,2799.0,household_agent_0,1000.0,41.0,household_agent_2,55.0,41.0,2854.0
642,,,2921.0,2799.0,household_agent_1,1001.0,41.0,household_agent_2,67.0,41.0,2866.0
643,,,2922.0,2799.0,household_agent_3,1003.0,41.0,household_agent_2,44.0,41.0,2843.0
644,,,2923.0,2799.0,household_agent_6,1006.0,41.0,household_agent_2,146.0,41.0,2945.0
645,,,2976.0,2839.0,household_agent_0,1000.0,41.0,household_agent_2,81.0,41.0,2920.0
646,,,2977.0,2839.0,household_agent_1,1001.0,41.0,household_agent_2,100.0,41.0,2939.0
647,,,2978.0,2839.0,household_agent_3,1003.0,41.0,household_agent_2,37.0,41.0,2876.0
648,,,2979.0,2839.0,household_agent_6,1006.0,41.0,household_agent_2,106.0,41.0,2945.0
649,,,3032.0,2873.0,household_agent_0,1000.0,41.0,household_agent_2,72.0,41.0,2945.0
650,,,3033.0,2873.0,household_agent_1,1001.0,41.0,household_agent_2,94.0,41.0,2967.0
651,,,3034.0,2873.0,household_agent_3,1003.0,41.0,household_agent_2,56.0,41.0,2929.0
652,,,3035.0,2873.0,household_agent_6,1006.0,41.0,household_agent_2,100.0,41.0,2973.0
653,,,3088.0,2968.0,household_agent_0,1000.0,41.0,household_agent_2,55.0,41.0,3023.0
654,,,3089.0,2968.0,household_agent_1,1001.0,41.0,household_agent_2,123.0,41.0,3091.0
655,,,3090.0,2968.0,household_agent_3,1003.0,41.0,household_agent_2,43.0,41.0,3011.0
656,,,3091.0,2968.0,household_agent_6,1006.0,41.0,household_agent_2,259.0,41.0,3227.0
657,,,3144.0,3002.0,household_agent_0,1000.0,41.0,household_agent_2,58.0,41.0,3060.0
658,,,3145.0,3002.0,household_agent_1,1001.0,41.0,household_agent_2,122.0,41.0,3124.0
659,,,3146.0,3002.0,household_agent_3,1003.0,41.0,household_agent_2,47.0,41.0,3049.0
660,,,3147.0,3002.0,household_agent_6,1006.0,41.0,household_agent_2,259.0,41.0,3261.0
661,,,3200.0,3045.0,household_agent_0,1000.0,41.0,household_agent_2,61.0,41.0,3106.0
662,,,3201.0,3045.0,household_agent_1,1001.0,41.0,household_agent_2,116.0,41.0,3161.0
663,,,3202.0,3045.0,household_agent_3,1003.0,41.0,household_agent_2,46.0,41.0,3091.0
664,,,3203.0,3045.0,household_agent_6,1006.0,41.0,household_agent_2,226.0,123.0,3271.0
665,,,3256.0,3096.0,household_agent_0,1000.0,41.0,household_agent_2,50.0,41.0,3146.0
666,,,3257.0,3096.0,household_agent_1,1001.0,41.0,household_agent_2,127.0,41.0,3223.0
667,,,3258.0,3096.0,household_agent_3,1003.0,41.0,household_agent_2,38.0,41.0,3134.0
668,,,3312.0,3161.0,household_agent_0,1000.0,41.0,household_agent_2,77.0,41.0,3238.0
669,,,3313.0,3161.0,household_agent_1,1001.0,41.0,household_agent_2,88.0,41.0,3249.0
670,,,3314.0,3161.0,household_agent_3,1003.0,41.0,household_agent_2,70.0,41.0,3231.0
671,,,3368.0,3188.0,household_agent_0,1000.0,41.0,household_agent_2,73.0,41.0,3261.0
672,,,3369.0,3188.0,household_agent_1,1001.0,41.0,household_agent_2,103.0,41.0,3291.0
673,,,3370.0,3188.0,household_agent_3,1003.0,41.0,household_agent_2,74.0,41.0,3262.0
674,,,3371.0,3188.0,household_agent_6,1006.0,41.0,household_agent_2,152.0,41.0,3340.0
675,,,3424.0,3275.0,household_agent_0,1000.0,41.0,household_agent_2,55.0,41.0,3330.0
676,,,3425.0,3275.0,household_agent_1,1001.0,41.0,household_agent_2,65.0,41.0,3340.0
677,,,3426.0,3275.0,household_agent_3,1003.0,41.0,household_agent_2,50.0,41.0,3325.0
678,,,3427.0,3275.0,household_agent_6,1006.0,41.0,household_agent_2,86.0,41.0,3361.0
679,,,3480.0,3345.0,household_agent_0,1000.0,41.0,household_agent_2,65.0,41.0,3410.0
680,,,3481.0,3345.0,household_agent_1,1001.0,41.0,household_agent_2,76.0,41.0,3421.0
681,,,3482.0,3345.0,household_agent_3,1003.0,41.0,household_agent_2,45.0,41.0,3390.0
682,,,3483.0,3345.0,household_agent_6,1006.0,41.0,household_agent_2,172.0,82.0,3517.0
683,,,3536.0,3353.0,household_agent_0,1000.0,41.0,household_agent_2,98.0,41.0,3451.0
684,,,3537.0,3353.0,household_agent_1,1001.0,41.0,household_agent_2,109.0,41.0,3462.0
685,,,3538.0,3353.0,household_agent_3,1003.0,41.0,household_agent_2,64.0,41.0,3417.0
686,,,3592.0,3433.0,household_agent_0,1000.0,41.0,household_agent_2,51.0,41.0,3484.0
687,,,3593.0,3433.0,household_agent_1,1001.0,41.0,household_agent_2,65.0,41.0,3498.0
688,,,3594.0,3433.0,household_agent_3,1003.0,41.0,household_agent_2,41.0,41.0,3474.0
689,,,3595.0,3433.0,household_agent_6,1006.0,41.0,household_agent_2,159.0,41.0,3592.0
690,,,3648.0,3526.0,household_agent_0,1000.0,41.0,household_agent_2,50.0,41.0,3576.0
691,,,3649.0,3526.0,household_agent_1,1001.0,41.0,household_agent_2,63.0,41.0,3589.0
692,,,3650.0,3526.0,household_agent_3,1003.0,41.0,household_agent_2,44.0,41.0,3570.0
693,,,3651.0,3526.0,household_agent_6,1006.0,41.0,household_agent_2,72.0,41.0,3598.0
694,,,3704.0,3617.0,household_agent_0,1000.0,41.0,household_agent_2,53.0,41.0,3670.0
695,,,3705.0,3617.0,household_agent_1,1001.0,41.0,household_agent_2,59.0,41.0,3676.0
696,,,3706.0,3617.0,household_agent_3,1003.0,41.0,household_agent_2,48.0,41.0,3665.0
697,,,3707.0,3617.0,household_agent_6,1006.0,41.0,household_agent_2,86.0,41.0,3703.0
698,,,3760.0,3676.0,household_agent_0,1000.0,41.0,household_agent_2,88.0,41.0,3764.0
699,,,3761.0,3676.0,household_agent_1,1001.0,41.0,household_agent_2,93.0,41.0,3769.0
700,,,3762.0,3676.0,household_agent_3,1003.0,41.0,household_agent_2,44.0,41.0,3720.0
701,,,3763.0,3676.0,household_agent_6,1006.0,41.0,household_agent_2,165.0,41.0,3841.0
702,,,3816.0,3709.0,household_agent_0,1000.0,41.0,household_agent_2,88.0,41.0,3797.0
703,,,3817.0,3709.0,household_agent_1,1001.0,41.0,household_agent_2,121.0,41.0,3830.0
704,,,3818.0,3709.0,household_agent_3,1003.0,41.0,household_agent_2,49.0,41.0,3758.0
705,,,3819.0,3709.0,household_agent_6,1006.0,41.0,household_agent_2,167.0,41.0,3876.0
706,,,3872.0,3765.0,household_agent_0,1000.0,41.0,household_agent_2,54.0,41.0,3819.0
707,,,3873.0,3765.0,household_agent_1,1001.0,41.0,household_agent_2,66.0,41.0,3831.0
708,,,3874.0,3765.0,household_agent_3,1003.0,41.0,household_agent_2,43.0,41.0,3808.0
709,,,3875.0,3765.0,household_agent_6,1006.0,41.0,household_agent_2,154.0,41.0,3919.0
710,,,3928.0,3849.0,household_agent_0,1000.0,41.0,household_agent_2,48.0,41.0,3897.0
711,,,3929.0,3849.0,household_agent_1,1001.0,41.0,household_agent_2,59.0,41.0,3908.0
712,,,3930.0,3849.0,household_agent_3,1003.0,41.0,household_agent_2,43.0,41.0,3892.0
713,,,3931.0,3849.0,household_agent_6,1006.0,41.0,household_agent_2,98.0,41.0,3947.0
714,,,3984.0,3945.0,household_agent_0,1000.0,41.0,household_agent_2,53.0,41.0,3998.0
715,,,3985.0,3945.0,household_agent_1,1001.0,41.0,household_agent_2,58.0,41.0,4003.0
716,,,3986.0,3945.0,household_agent_3,1003.0,41.0,household_agent_2,47.0,41.0,3992.0
717,,,3987.0,3945.0,household_agent_6,1006.0,41.0,household_agent_2,75.0,41.0,4020.0
718,,,4040.0,4033.0,household_agent_0,1000.0,41.0,household_agent_2,49.0,41.0,4082.0
719,,,4041.0,4033.0,household_agent_1,1001.0,41.0,household_agent_2,62.0,41.0,4095.0
720,,,4042.0,4033.0,household_agent_3,1003.0,41.0,household_agent_2,43.0,41.0,4076.0
721,,,4043.0,4033.0,household_agent_6,1006.0,41.0,household_agent_2,71.0,41.0,4104.0
722,,,4096.0,4118.0,household_agent_0,1000.0,41.0,household_agent_2,86.0,41.0,4204.0
723,,,4097.0,4118.0,household_agent_1,1001.0,41.0,household_agent_2,113.0,41.0,4231.0
724,,,4098.0,4118.0,household_agent_3,1003.0,41.0,household_agent_2,41.0,41.0,4159.0
725,,,4099.0,4118.0,household_agent_6,1006.0,41.0,household_agent_2,254.0,41.0,4372.0
726,,,4152.0,4153.0,household_agent_0,1000.0,41.0,household_agent_2,72.0,41.0,4225.0
727,,,4153.0,4153.0,household_agent_1,1001.0,41.0,household_agent_2,88.0,41.0,4241.0
728,,,4154.0,4153.0,household_agent_3,1003.0,41.0,household_agent_2,66.0,41.0,4219.0
729,,,4155.0,4153.0,household_agent_6,1006.0,41.0,household_agent_2,290.0,41.0,4443.0
730,,,4208.0,4175.0,household_agent_0,1000.0,41.0,household_agent_2,88.0,41.0,4263.0
731,,,4209.0,4175.0,household_agent_1,1001.0,41.0,household_agent_2,129.0,41.0,4304.0
732,,,4210.0,4175.0,household_agent_3,1003.0,41.0,household_agent_2,72.0,41.0,4247.0
733,,,4211.0,4175.0,household_agent_6,1006.0,41.0,household_agent_2,323.0,205.0,4498.0
734,,,4264.0,4245.0,household_agent_0,1000.0,41.0,household_agent_2,92.0,41.0,4337.0
735,,,4265.0,4245.0,household_agent_1,1001.0,41.0,household_agent_2,116.0,82.0,4361.0
736,,,4266.0,4245.0,household_agent_3,1003.0,41.0,household_agent_2,57.0,41.0,4302.0
737,,,4320.0,4262.0,household_agent_0,1000.0,41.0,household_agent_2,131.0,82.0,4393.0
738,,,4322.0,4262.0,household_agent_3,1003.0,41.0,household_agent_2,57.0,41.0,4319.0
739,,,4377.0,4279.0,household_agent_1,1001.0,41.0,household_agent_2,146.0,41.0,4425.0
740,,,4378.0,4279.0,household_agent_3,1003.0,41.0,household_agent_2,63.0,41.0,4342.0
741,,,4432.0,4333.0,household_agent_0,1000.0,41.0,household_agent_2,86.0,41.0,4419.0
742,,,4433.0,4333.0,household_agent_1,1001.0,41.0,household_agent_2,147.0,41.0,4480.0
743,,,4434.0,4333.0,household_agent_3,1003.0,41.0,household_agent_2,50.0,41.0,4383.0
744,,,4488.0,4366.0,household_agent_0,1000.0,41.0,household_agent_2,99.0,41.0,4465.0
745,,,4489.0,4366.0,household_agent_1,1001.0,41.0,household_agent_2,120.0,41.0,4486.0
746,,,4490.0,4366.0,household_agent_3,1003.0,41.0,household_agent_2,48.0,41.0,4414.0
747,,,4491.0,4366.0,household_agent_6,1006.0,41.0,household_agent_2,197.0,41.0,4563.0
748,,,4544.0,4416.0,household_agent_0,1000.0,41.0,household_agent_2,59.0,41.0,4475.0
749,,,4545.0,4416.0,household_agent_1,1001.0,41.0,household_agent_2,125.0,41.0,4541.0
750,,,4546.0,4416.0,household_agent_3,1003.0,41.0,household_agent_2,45.0,41.0,4461.0
751,,,4547.0,4416.0,household_agent_6,1006.0,41.0,household_agent_2,179.0,41.0,4595.0
752,,,4600.0,4488.0,household_agent_0,1000.0,41.0,household_agent_2,53.0,41.0,4541.0
753,,,4601.0,4488.0,household_agent_1,1001.0,41.0,household_agent_2,69.0,41.0,4557.0
754,,,4602.0,4488.0,household_agent_3,1003.0,41.0,household_agent_2,48.0,41.0,4536.0
755,,,4603.0,4488.0,household_agent_6,1006.0,41.0,household_agent_2,118.0,41.0,4606.0
756,,,4656.0,4494.0,household_agent_0,1000.0,41.0,household_agent_2,74.0,41.0,4568.0
757,,,4657.0,4494.0,household_agent_1,1001.0,41.0,household_agent_2,96.0,41.0,4590.0
758,,,4658.0,4494.0,household_agent_3,1003.0,41.0,household_agent_2,70.0,41.0,4564.0
759,,,4659.0,4494.0,household_agent_6,1006.0,41.0,household_agent_2,163.0,41.0,4657.0
760,,,4712.0,4591.0,household_agent_0,1000.0,41.0,household_agent_2,49.0,41.0,4640.0
761,,,4713.0,4591.0,household_agent_1,1001.0,41.0,household_agent_2,55.0,41.0,4646.0
762,,,4714.0,4591.0,household_agent_3,1003.0,41.0,household_agent_2,43.0,41.0,4634.0
763,,,4715.0,4591.0,household_agent_6,1006.0,41.0,household_agent_2,78.0,41.0,4669.0
764,,,4768.0,4647.0,household_agent_0,1000.0,41.0,household_agent_2,48.0,41.0,4695.0
765,,,4769.0,4647.0,household_agent_1,1001.0,41.0,household_agent_2,59.0,41.0,4706.0
766,,,4770.0,4647.0,household_agent_3,1003.0,41.0,household_agent_2,37.0,41.0,4684.0
767,,,4771.0,4647.0,household_agent_6,1006.0,41.0,household_agent_2,70.0,41.0,4717.0
768,,,4824.0,4714.0,household_agent_0,1000.0,41.0,household_agent_2,52.0,41.0,4766.0
769,,,4825.0,4714.0,household_agent_1,1001.0,41.0,household_agent_2,68.0,41.0,4782.0
770,,,4826.0,4714.0,household_agent_3,1003.0,41.0,household_agent_2,57.0,41.0,4771.0
771,,,4827.0,4714.0,household_agent_6,1006.0,41.0,household_agent_2,135.0,41.0,4849.0
772,,,4880.0,4718.0,household_agent_0,1000.0,41.0,household_agent_2,96.0,41.0,4814.0
773,,,4881.0,4718.0,household_agent_1,1001.0,41.0,household_agent_2,104.0,41.0,4822.0
774,,,4882.0,4718.0,household_agent_3,1003.0,41.0,household_agent_2,76.0,41.0,4794.0
775,,,4883.0,4718.0,household_agent_6,1006.0,41.0,household_agent_2,164.0,41.0,4882.0
776,,,4936.0,4796.0,household_agent_0,1000.0,41.0,household_agent_2,59.0,41.0,4855.0
777,,,4937.0,4796.0,household_agent_1,1001.0,41.0,household_agent_2,81.0,41.0,4877.0
778,,,4938.0,4796.0,household_agent_3,1003.0,41.0,household_agent_2,42.0,41.0,4838.0
779,,,4939.0,4796.0,household_agent_6,1006.0,41.0,household_agent_2,92.0,41.0,4888.0
780,,,4992.0,4885.0,household_agent_0,1000.0,41.0,household_agent_2,48.0,41.0,4933.0
781,,,4993.0,4885.0,household_agent_1,1001.0,41.0,household_agent_2,62.0,41.0,4947.0
782,,,4994.0,4885.0,household_agent_3,1003.0,41.0,household_agent_2,42.0,41.0,4927.0
783,,,4995.0,4885.0,household_agent_6,1006.0,41.0,household_agent_2,83.0,41.0,4968.0
784,,,5048.0,4945.0,household_agent_0,1000.0,41.0,household_agent_2,44.0,41.0,4989.0
785,,,5049.0,4945.0,household_agent_1,1001.0,41.0,household_agent_2,56.0,41.0,5001.0
786,,,5050.0,4945.0,household_agent_3,1003.0,41.0,household_agent_2,45.0,41.0,4990.0
787,,,5051.0,4945.0,household_agent_6,1006.0,41.0,household_agent_2,72.0,41.0,5017.0
788,,,5104.0,5015.0,household_agent_0,1000.0,41.0,household_agent_2,80.0,41.0,5095.0
789,,,5105.0,5015.0,household_agent_1,1001.0,41.0,household_agent_2,138.0,41.0,5153.0
790,,,5106.0,5015.0,household_agent_3,1003.0,41.0,household_agent_2,74.0,41.0,5089.0
791,,,5107.0,5015.0,household_agent_6,1006.0,41.0,household_agent_2,142.0,41.0,5157.0
792,,,5160.0,5034.0,household_agent_0,1000.0,41.0,household_agent_2,98.0,41.0,5132.0
793,,,5161.0,5034.0,household_agent_1,1001.0,41.0,household_agent_2,140.0,41.0,5174.0
794,,,5162.0,5034.0,household_agent_3,1003.0,41.0,household_agent_2,79.0,41.0,5113.0
795,,,5163.0,5034.0,household_agent_6,1006.0,41.0,household_agent_2,158.0,41.0,5192.0
796,,,5216.0,5092.0,household_agent_0,1000.0,41.0,household_agent_2,50.0,41.0,5142.0
797,,,5217.0,5092.0,household_agent_1,1001.0,41.0,household_agent_2,111.0,41.0,5203.0
798,,,5218.0,5092.0,household_agent_3,1003.0,41.0,household_agent_2,38.0,41.0,5130.0
799,,,5219.0,5092.0,household_agent_6,1006.0,41.0,household_agent_2,111.0,41.0,5203.0
800,,,2.0,40.0,household_agent_2,1002.0,41.0,household_agent_3,47.0,41.0,87.0
801,,,3.0,40.0,household_agent_4,1004.0,41.0,household_agent_3,52.0,41.0,92.0
802,,,4.0,40.0,household_agent_9,1009.0,41.0,household_agent_3,58.0,41.0,98.0
803,,,5.0,127.0,household_agent_2,1002.0,41.0,household_agent_3,45.0,41.0,172.0
804,,,6.0,127.0,household_agent_4,1004.0,41.0,household_agent_3,50.0,41.0,177.0
805,,,7.0,127.0,household_agent_9,1009.0,41.0,household_agent_3,60.0,41.0,187.0
806,,,61.0,205.0,household_agent_2,1002.0,41.0,household_agent_3,49.0,41.0,254.0
807,,,62.0,205.0,household_agent_4,1004.0,41.0,household_agent_3,50.0,41.0,255.0
808,,,63.0,205.0,household_agent_9,1009.0,41.0,household_agent_3,78.0,41.0,283.0
809,,,117.0,253.0,household_agent_2,1002.0,41.0,household_agent_3,50.0,41.0,303.0
810,,,118.0,253.0,household_agent_4,1004.0,41.0,household_agent_3,59.0,41.0,312.0
811,,,119.0,253.0,household_agent_9,1009.0,41.0,household_agent_3,111.0,41.0,364.0
812,,,173.0,303.0,household_agent_2,1002.0,41.0,household_agent_3,36.0,41.0,339.0
813,,,174.0,303.0,household_agent_4,1004.0,41.0,household_agent_3,48.0,41.0,351.0
814,,,175.0,303.0,household_agent_9,1009.0,41.0,household_agent_3,89.0,41.0,392.0
815,,,229.0,397.0,household_agent_2,1002.0,41.0,household_agent_3,45.0,41.0,442.0
816,,,230.0,397.0,household_agent_4,1004.0,41.0,household_agent_3,56.0,41.0,453.0
817,,,231.0,397.0,household_agent_9,1009.0,41.0,household_agent_3,61.0,41.0,458.0
818,,,285.0,455.0,household_agent_2,1002.0,41.0,household_agent_3,51.0,41.0,506.0
819,,,286.0,455.0,household_agent_4,1004.0,41.0,household_agent_3,73.0,41.0,528.0
820,,,287.0,455.0,household_agent_9,1009.0,41.0,household_agent_3,81.0,41.0,536.0
821,,,341.0,461.0,household_agent_2,1002.0,41.0,household_agent_3,71.0,41.0,532.0
822,,,342.0,461.0,household_agent_4,1004.0,41.0,household_agent_3,91.0,41.0,552.0
823,,,343.0,461.0,household_agent_9,1009.0,41.0,household_agent_3,103.0,41.0,564.0
824,,,397.0,559.0,household_agent_2,1002.0,41.0,household_agent_3,50.0,41.0,609.0
825,,,398.0,559.0,household_agent_4,1004.0,41.0,household_agent_3,61.0,41.0,620.0
826,,,399.0,559.0,household_agent_9,1009.0,41.0,household_agent_3,84.0,41.0,643.0
827,,,453.0,571.0,household_agent_2,1002.0,41.0,household_agent_3,61.0,41.0,632.0
828,,,454.0,571.0,household_agent_4,1004.0,41.0,household_agent_3,82.0,41.0,653.0
829,,,455.0,571.0,household_agent_9,1009.0,41.0,household_agent_3,100.0,41.0,671.0
830,,,509.0,669.0,household_agent_2,1002.0,41.0,household_agent_3,48.0,41.0,717.0
831,,,510.0,669.0,household_agent_4,1004.0,41.0,household_agent_3,69.0,41.0,738.0
832,,,511.0,669.0,household_agent_9,1009.0,41.0,household_agent_3,150.0,41.0,819.0
833,,,565.0,670.0,household_agent_2,1002.0,41.0,household_agent_3,74.0,41.0,744.0
834,,,566.0,670.0,household_agent_4,1004.0,41.0,household_agent_3,105.0,41.0,775.0
835,,,567.0,670.0,household_agent_9,1009.0,41.0,household_agent_3,174.0,82.0,844.0
836,,,621.0,707.0,household_agent_2,1002.0,41.0,household_agent_3,49.0,41.0,756.0
837,,,622.0,707.0,household_agent_4,1004.0,41.0,household_agent_3,91.0,41.0,798.0
838,,,677.0,753.0,household_agent_2,1002.0,41.0,household_agent_3,40.0,41.0,793.0
839,,,678.0,753.0,household_agent_4,1004.0,41.0,household_agent_3,53.0,41.0,806.0
840,,,679.0,753.0,household_agent_9,1009.0,41.0,household_agent_3,126.0,41.0,879.0
841,,,733.0,843.0,household_agent_2,1002.0,41.0,household_agent_3,48.0,41.0,891.0
842,,,734.0,843.0,household_agent_4,1004.0,41.0,household_agent_3,53.0,41.0,896.0
843,,,735.0,843.0,household_agent_9,1009.0,41.0,household_agent_3,70.0,41.0,913.0
844,,,789.0,943.0,household_agent_2,1002.0,41.0,household_agent_3,46.0,41.0,989.0
845,,,790.0,943.0,household_agent_4,1004.0,41.0,household_agent_3,51.0,41.0,994.0
846,,,791.0,943.0,household_agent_9,1009.0,41.0,household_agent_3,69.0,41.0,1012.0
847,,,845.0,986.0,household_agent_2,1002.0,41.0,household_agent_3,52.0,41.0,1038.0
848,,,846.0,986.0,household_agent_4,1004.0,41.0,household_agent_3,64.0,41.0,1050.0
849,,,847.0,986.0,household_agent_9,1009.0,41.0,household_agent_3,118.0,41.0,1104.0
850,,,901.0,1026.0,household_agent_2,1002.0,41.0,household_agent_3,57.0,41.0,1083.0
851,,,902.0,1026.0,household_agent_4,1004.0,41.0,household_agent_3,67.0,41.0,1093.0
852,,,903.0,1026.0,household_agent_9,1009.0,41.0,household_agent_3,111.0,41.0,1137.0
853,,,957.0,1044.0,household_agent_2,1002.0,41.0,household_agent_3,66.0,41.0,1110.0
854,,,958.0,1044.0,household_agent_4,1004.0,41.0,household_agent_3,83.0,41.0,1127.0
855,,,959.0,1044.0,household_agent_9,1009.0,41.0,household_agent_3,134.0,41.0,1178.0
856,,,1013.0,1104.0,household_agent_2,1002.0,41.0,household_agent_3,39.0,41.0,1143.0
857,,,1014.0,1104.0,household_agent_4,1004.0,41.0,household_agent_3,51.0,41.0,1155.0
858,,,1015.0,1104.0,household_agent_9,1009.0,41.0,household_agent_3,130.0,41.0,1234.0
859,,,1069.0,1148.0,household_agent_2,1002.0,41.0,household_agent_3,51.0,41.0,1199.0
860,,,1070.0,1148.0,household_agent_4,1004.0,41.0,household_agent_3,56.0,41.0,1204.0
861,,,1071.0,1148.0,household_agent_9,1009.0,41.0,household_agent_3,125.0,41.0,1273.0
862,,,1125.0,1205.0,household_agent_2,1002.0,41.0,household_agent_3,45.0,41.0,1250.0
863,,,1126.0,1205.0,household_agent_4,1004.0,41.0,household_agent_3,56.0,41.0,1261.0
864,,,1127.0,1205.0,household_agent_9,1009.0,41.0,household_agent_3,75.0,41.0,1280.0
865,,,1181.0,1211.0,household_agent_2,1002.0,41.0,household_agent_3,75.0,41.0,1286.0
866,,,1182.0,1211.0,household_agent_4,1004.0,41.0,household_agent_3,92.0,41.0,1303.0
867,,,1183.0,1211.0,household_agent_9,1009.0,41.0,household_agent_3,114.0,41.0,1325.0
868,,,1237.0,1286.0,household_agent_2,1002.0,41.0,household_agent_3,40.0,41.0,1326.0
869,,,1238.0,1286.0,household_agent_4,1004.0,41.0,household_agent_3,56.0,41.0,1342.0
870,,,1239.0,1286.0,household_agent_9,1009.0,41.0,household_agent_3,65.0,41.0,1351.0
871,,,1293.0,1357.0,household_agent_2,1002.0,41.0,household_agent_3,45.0,41.0,1402.0
872,,,1294.0,1357.0,household_agent_4,1004.0,41.0,household_agent_3,49.0,41.0,1406.0
873,,,1295.0,1357.0,household_agent_9,1009.0,41.0,household_agent_3,55.0,41.0,1412.0
874,,,1349.0,1406.0,household_agent_2,1002.0,41.0,household_agent_3,51.0,41.0,1457.0
875,,,1350.0,1406.0,household_agent_4,1004.0,41.0,household_agent_3,57.0,41.0,1463.0
876,,,1351.0,1406.0,household_agent_9,1009.0,41.0,household_agent_3,63.0,41.0,1469.0
877,,,1405.0,1470.0,household_agent_2,1002.0,41.0,household_agent_3,50.0,41.0,1520.0
878,,,1406.0,1470.0,household_agent_4,1004.0,41.0,household_agent_3,60.0,41.0,1530.0
879,,,1407.0,1470.0,household_agent_9,1009.0,41.0,household_agent_3,73.0,41.0,1543.0
880,,,1461.0,1570.0,household_agent_2,1002.0,41.0,household_agent_3,48.0,41.0,1618.0
881,,,1462.0,1570.0,household_agent_4,1004.0,41.0,household_agent_3,53.0,41.0,1623.0
882,,,1463.0,1570.0,household_agent_9,1009.0,41.0,household_agent_3,71.0,41.0,1641.0
883,,,1517.0,1621.0,household_agent_2,1002.0,41.0,household_agent_3,39.0,41.0,1660.0
884,,,1518.0,1621.0,household_agent_4,1004.0,41.0,household_agent_3,51.0,41.0,1672.0
885,,,1519.0,1621.0,household_agent_9,1009.0,41.0,household_agent_3,62.0,41.0,1683.0
886,,,1573.0,1704.0,household_agent_2,1002.0,41.0,household_agent_3,44.0,41.0,1748.0
887,,,1574.0,1704.0,household_agent_4,1004.0,41.0,household_agent_3,56.0,41.0,1760.0
888,,,1575.0,1704.0,household_agent_9,1009.0,41.0,household_agent_3,129.0,41.0,1833.0
889,,,1629.0,1744.0,household_agent_2,1002.0,41.0,household_agent_3,43.0,41.0,1787.0
890,,,1630.0,1744.0,household_agent_4,1004.0,41.0,household_agent_3,92.0,41.0,1836.0
891,,,1631.0,1744.0,household_agent_9,1009.0,41.0,household_agent_3,180.0,82.0,1924.0
892,,,1685.0,1747.0,household_agent_2,1002.0,41.0,household_agent_3,67.0,41.0,1814.0
893,,,1686.0,1747.0,household_agent_4,1004.0,41.0,household_agent_3,105.0,82.0,1852.0
894,,,1741.0,1787.0,household_agent_2,1002.0,41.0,household_agent_3,60.0,41.0,1847.0
895,,,1743.0,1787.0,household_agent_9,1009.0,41.0,household_agent_3,180.0,82.0,1967.0
896,,,1797.0,1789.0,household_agent_2,1002.0,41.0,household_agent_3,85.0,41.0,1874.0
897,,,1798.0,1789.0,household_agent_4,1004.0,41.0,household_agent_3,91.0,41.0,1880.0
898,,,1853.0,1873.0,household_agent_2,1002.0,41.0,household_agent_3,40.0,41.0,1913.0
899,,,1854.0,1873.0,household_agent_4,1004.0,41.0,household_agent_3,52.0,41.0,1925.0
900,,,1855.0,1873.0,household_agent_9,1009.0,41.0,household_agent_3,98.0,41.0,1971.0
901,,,1909.0,1881.0,household_agent_2,1002.0,41.0,household_agent_3,59.0,41.0,1940.0
902,,,1910.0,1881.0,household_agent_4,1004.0,41.0,household_agent_3,76.0,41.0,1957.0
903,,,1911.0,1881.0,household_agent_9,1009.0,41.0,household_agent_3,131.0,41.0,2012.0
904,,,1965.0,1979.0,household_agent_2,1002.0,41.0,household_agent_3,77.0,41.0,2056.0
905,,,1966.0,1979.0,household_agent_4,1004.0,41.0,household_agent_3,71.0,41.0,2050.0
906,,,1967.0,1979.0,household_agent_9,1009.0,41.0,household_agent_3,115.0,41.0,2094.0
907,,,2021.0,2009.0,household_agent_2,1002.0,41.0,household_agent_3,75.0,41.0,2084.0
908,,,2022.0,2009.0,household_agent_4,1004.0,41.0,household_agent_3,72.0,41.0,2081.0
909,,,2023.0,2009.0,household_agent_9,1009.0,41.0,household_agent_3,140.0,41.0,2149.0
910,,,2077.0,2030.0,household_agent_2,1002.0,41.0,household_agent_3,81.0,41.0,2111.0
911,,,2078.0,2030.0,household_agent_4,1004.0,41.0,household_agent_3,97.0,41.0,2127.0
912,,,2079.0,2030.0,household_agent_9,1009.0,41.0,household_agent_3,180.0,41.0,2210.0
913,,,2133.0,2090.0,household_agent_2,1002.0,41.0,household_agent_3,37.0,41.0,2127.0
914,,,2134.0,2090.0,household_agent_4,1004.0,41.0,household_agent_3,62.0,41.0,2152.0
915,,,2135.0,2090.0,household_agent_9,1009.0,41.0,household_agent_3,150.0,41.0,2240.0
916,,,2189.0,2162.0,household_agent_2,1002.0,41.0,household_agent_3,57.0,41.0,2219.0
917,,,2190.0,2162.0,household_agent_4,1004.0,41.0,household_agent_3,66.0,41.0,2228.0
918,,,2191.0,2162.0,household_agent_9,1009.0,41.0,household_agent_3,100.0,41.0,2262.0
919,,,2245.0,2167.0,household_agent_2,1002.0,41.0,household_agent_3,77.0,41.0,2244.0
920,,,2246.0,2167.0,household_agent_4,1004.0,41.0,household_agent_3,90.0,41.0,2257.0
921,,,2247.0,2167.0,household_agent_9,1009.0,41.0,household_agent_3,166.0,41.0,2333.0
922,,,2301.0,2239.0,household_agent_2,1002.0,41.0,household_agent_3,54.0,41.0,2293.0
923,,,2302.0,2239.0,household_agent_4,1004.0,41.0,household_agent_3,71.0,41.0,2310.0
924,,,2303.0,2239.0,household_agent_9,1009.0,41.0,household_agent_3,135.0,41.0,2374.0
925,,,2357.0,2253.0,household_agent_2,1002.0,41.0,household_agent_3,59.0,41.0,2312.0
926,,,2358.0,2253.0,household_agent_4,1004.0,41.0,household_agent_3,70.0,41.0,2323.0
927,,,2359.0,2253.0,household_agent_9,1009.0,41.0,household_agent_3,171.0,82.0,2424.0
928,,,2413.0,2269.0,household_agent_2,1002.0,41.0,household_agent_3,71.0,41.0,2340.0
929,,,2414.0,2269.0,household_agent_4,1004.0,41.0,household_agent_3,95.0,41.0,2364.0
930,,,2469.0,2336.0,household_agent_2,1002.0,41.0,household_agent_3,41.0,41.0,2377.0
931,,,2470.0,2336.0,household_agent_4,1004.0,41.0,household_agent_3,82.0,41.0,2418.0
932,,,2471.0,2336.0,household_agent_9,1009.0,41.0,household_agent_3,115.0,41.0,2451.0
933,,,2525.0,2368.0,household_agent_2,1002.0,41.0,household_agent_3,40.0,41.0,2408.0
934,,,2526.0,2368.0,household_agent_4,1004.0,41.0,household_agent_3,74.0,41.0,2442.0
935,,,2527.0,2368.0,household_agent_9,1009.0,41.0,household_agent_3,112.0,41.0,2480.0
936,,,2581.0,2417.0,household_agent_2,1002.0,41.0,household_agent_3,51.0,41.0,2468.0
937,,,2582.0,2417.0,household_agent_4,1004.0,41.0,household_agent_3,58.0,41.0,2475.0
938,,,2583.0,2417.0,household_agent_9,1009.0,41.0,household_agent_3,102.0,41.0,2519.0
939,,,2637.0,2489.0,household_agent_2,1002.0,41.0,household_agent_3,49.0,41.0,2538.0
940,,,2638.0,2489.0,household_agent_4,1004.0,41.0,household_agent_3,60.0,41.0,2549.0
941,,,2639.0,2489.0,household_agent_9,1009.0,41.0,household_agent_3,73.0,41.0,2562.0
942,,,2693.0,2569.0,household_agent_2,1002.0,41.0,household_agent_3,46.0,41.0,2615.0
943,,,2694.0,2569.0,household_agent_4,1004.0,41.0,household_agent_3,52.0,41.0,2621.0
944,,,2695.0,2569.0,household_agent_9,1009.0,41.0,household_agent_3,62.0,41.0,2631.0
945,,,2749.0,2640.0,household_agent_2,1002.0,41.0,household_agent_3,54.0,41.0,2694.0
946,,,2750.0,2640.0,household_agent_4,1004.0,41.0,household_agent_3,64.0,41.0,2704.0
947,,,2751.0,2640.0,household_agent_9,1009.0,41.0,household_agent_3,120.0,41.0,2760.0
948,,,2805.0,2652.0,household_agent_2,1002.0,41.0,household_agent_3,81.0,41.0,2733.0
949,,,2806.0,2652.0,household_agent_4,1004.0,41.0,household_agent_3,90.0,41.0,2742.0
950,,,2807.0,2652.0,household_agent_9,1009.0,41.0,household_agent_3,108.0,41.0,2760.0
951,,,2861.0,2699.0,household_agent_2,1002.0,41.0,household_agent_3,39.0,41.0,2738.0
952,,,2862.0,2699.0,household_agent_4,1004.0,41.0,household_agent_3,51.0,41.0,2750.0
953,,,2863.0,2699.0,household_agent_9,1009.0,41.0,household_agent_3,100.0,41.0,2799.0
954,,,2917.0,2799.0,household_agent_2,1002.0,41.0,household_agent_3,50.0,41.0,2849.0
955,,,2918.0,2799.0,household_agent_4,1004.0,41.0,household_agent_3,60.0,41.0,2859.0
956,,,2919.0,2799.0,household_agent_9,1009.0,41.0,household_agent_3,75.0,41.0,2874.0
957,,,2973.0,2839.0,household_agent_2,1002.0,41.0,household_agent_3,42.0,41.0,2881.0
958,,,2974.0,2839.0,household_agent_4,1004.0,41.0,household_agent_3,87.0,41.0,2926.0
959,,,2975.0,2839.0,household_agent_9,1009.0,41.0,household_agent_3,95.0,41.0,2934.0
960,,,3029.0,2873.0,household_agent_2,1002.0,41.0,household_agent_3,48.0,41.0,2921.0
961,,,3030.0,2873.0,household_agent_4,1004.0,41.0,household_agent_3,83.0,41.0,2956.0
962,,,3031.0,2873.0,household_agent_9,1009.0,41.0,household_agent_3,89.0,41.0,2962.0
963,,,3085.0,2968.0,household_agent_2,1002.0,41.0,household_agent_3,47.0,41.0,3015.0
964,,,3086.0,2968.0,household_agent_4,1004.0,41.0,household_agent_3,63.0,41.0,3031.0
965,,,3087.0,2968.0,household_agent_9,1009.0,41.0,household_agent_3,78.0,41.0,3046.0
966,,,3141.0,3002.0,household_agent_2,1002.0,41.0,household_agent_3,53.0,41.0,3055.0
967,,,3142.0,3002.0,household_agent_4,1004.0,41.0,household_agent_3,92.0,41.0,3094.0
968,,,3143.0,3002.0,household_agent_9,1009.0,41.0,household_agent_3,131.0,41.0,3133.0
969,,,3197.0,3045.0,household_agent_2,1002.0,41.0,household_agent_3,37.0,41.0,3082.0
970,,,3198.0,3045.0,household_agent_4,1004.0,41.0,household_agent_3,81.0,41.0,3126.0
971,,,3199.0,3045.0,household_agent_9,1009.0,41.0,household_agent_3,116.0,41.0,3161.0
972,,,3253.0,3096.0,household_agent_2,1002.0,41.0,household_agent_3,43.0,41.0,3139.0
973,,,3254.0,3096.0,household_agent_4,1004.0,41.0,household_agent_3,54.0,41.0,3150.0
974,,,3255.0,3096.0,household_agent_9,1009.0,41.0,household_agent_3,133.0,41.0,3229.0
975,,,3309.0,3161.0,household_agent_2,1002.0,41.0,household_agent_3,51.0,41.0,3212.0
976,,,3310.0,3161.0,household_agent_4,1004.0,41.0,household_agent_3,80.0,41.0,3241.0
977,,,3311.0,3161.0,household_agent_9,1009.0,41.0,household_agent_3,110.0,41.0,3271.0
978,,,3365.0,3188.0,household_agent_2,1002.0,41.0,household_agent_3,63.0,41.0,3251.0
979,,,3366.0,3188.0,household_agent_4,1004.0,41.0,household_agent_3,79.0,41.0,3267.0
980,,,3367.0,3188.0,household_agent_9,1009.0,41.0,household_agent_3,124.0,41.0,3312.0
981,,,3421.0,3275.0,household_agent_2,1002.0,41.0,household_agent_3,60.0,41.0,3335.0
982,,,3422.0,3275.0,household_agent_4,1004.0,41.0,household_agent_3,74.0,41.0,3349.0
983,,,3423.0,3275.0,household_agent_9,1009.0,41.0,household_agent_3,98.0,41.0,3373.0
984,,,3477.0,3345.0,household_agent_2,1002.0,41.0,household_agent_3,48.0,41.0,3393.0
985,,,3478.0,3345.0,household_agent_4,1004.0,41.0,household_agent_3,56.0,41.0,3401.0
986,,,3479.0,3345.0,household_agent_9,1009.0,41.0,household_agent_3,78.0,41.0,3423.0
987,,,3533.0,3353.0,household_agent_2,1002.0,41.0,household_agent_3,65.0,41.0,3418.0
988,,,3534.0,3353.0,household_agent_4,1004.0,41.0,household_agent_3,83.0,41.0,3436.0
989,,,3535.0,3353.0,household_agent_9,1009.0,41.0,household_agent_3,110.0,41.0,3463.0
990,,,3589.0,3433.0,household_agent_2,1002.0,41.0,household_agent_3,43.0,41.0,3476.0
991,,,3590.0,3433.0,household_agent_4,1004.0,41.0,household_agent_3,52.0,41.0,3485.0
992,,,3591.0,3433.0,household_agent_9,1009.0,41.0,household_agent_3,64.0,41.0,3497.0
993,,,3645.0,3526.0,household_agent_2,1002.0,41.0,household_agent_3,48.0,41.0,3574.0
994,,,3646.0,3526.0,household_agent_4,1004.0,41.0,household_agent_3,54.0,41.0,3580.0
995,,,3647.0,3526.0,household_agent_9,1009.0,41.0,household_agent_3,64.0,41.0,3590.0
996,,,3701.0,3617.0,household_agent_2,1002.0,41.0,household_agent_3,44.0,41.0,3661.0
997,,,3702.0,3617.0,household_agent_4,1004.0,41.0,household_agent_3,49.0,41.0,3666.0
998,,,3703.0,3617.0,household_agent_9,1009.0,41.0,household_agent_3,55.0,41.0,3672.0
999,,,3757.0,3676.0,household_agent_2,1002.0,41.0,household_agent_3,42.0,41.0,3718.0
1000,,,3758.0,3676.0,household_agent_4,1004.0,41.0,household_agent_3,56.0,41.0,3732.0
1001,,,3759.0,3676.0,household_agent_9,1009.0,41.0,household_agent_3,75.0,41.0,3751.0
1002,,,3813.0,3709.0,household_agent_2,1002.0,41.0,household_agent_3,42.0,41.0,3751.0
1003,,,3814.0,3709.0,household_agent_4,1004.0,41.0,household_agent_3,58.0,41.0,3767.0
1004,,,3815.0,3709.0,household_agent_9,1009.0,41.0,household_agent_3,120.0,41.0,3829.0
1005,,,3869.0,3765.0,household_agent_2,1002.0,41.0,household_agent_3,46.0,41.0,3811.0
1006,,,3870.0,3765.0,household_agent_4,1004.0,41.0,household_agent_3,52.0,41.0,3817.0
1007,,,3871.0,3765.0,household_agent_9,1009.0,41.0,household_agent_3,92.0,41.0,3857.0
1008,,,3925.0,3849.0,household_agent_2,1002.0,41.0,household_agent_3,48.0,41.0,3897.0
1009,,,3926.0,3849.0,household_agent_4,1004.0,41.0,household_agent_3,52.0,41.0,3901.0
1010,,,3927.0,3849.0,household_agent_9,1009.0,41.0,household_agent_3,68.0,41.0,3917.0
1011,,,3981.0,3945.0,household_agent_2,1002.0,41.0,household_agent_3,46.0,41.0,3991.0
1012,,,3982.0,3945.0,household_agent_4,1004.0,41.0,household_agent_3,51.0,41.0,3996.0
1013,,,3983.0,3945.0,household_agent_9,1009.0,41.0,household_agent_3,57.0,41.0,4002.0
1014,,,4037.0,4033.0,household_agent_2,1002.0,41.0,household_agent_3,45.0,41.0,4078.0
1015,,,4038.0,4033.0,household_agent_4,1004.0,41.0,household_agent_3,50.0,41.0,4083.0
1016,,,4039.0,4033.0,household_agent_9,1009.0,41.0,household_agent_3,57.0,41.0,4090.0
1017,,,4093.0,4118.0,household_agent_2,1002.0,41.0,household_agent_3,45.0,41.0,4163.0
1018,,,4094.0,4118.0,household_agent_4,1004.0,41.0,household_agent_3,80.0,41.0,4198.0
1019,,,4095.0,4118.0,household_agent_9,1009.0,41.0,household_agent_3,108.0,41.0,4226.0
1020,,,4149.0,4153.0,household_agent_2,1002.0,41.0,household_agent_3,63.0,41.0,4216.0
1021,,,4150.0,4153.0,household_agent_4,1004.0,41.0,household_agent_3,68.0,41.0,4221.0
1022,,,4151.0,4153.0,household_agent_9,1009.0,41.0,household_agent_3,89.0,41.0,4242.0
1023,,,4205.0,4175.0,household_agent_2,1002.0,41.0,household_agent_3,73.0,41.0,4248.0
1024,,,4206.0,4175.0,household_agent_4,1004.0,41.0,household_agent_3,78.0,41.0,4253.0
1025,,,4207.0,4175.0,household_agent_9,1009.0,41.0,household_agent_3,128.0,41.0,4303.0
1026,,,4261.0,4245.0,household_agent_2,1002.0,41.0,household_agent_3,59.0,41.0,4304.0
1027,,,4262.0,4245.0,household_agent_4,1004.0,41.0,household_agent_3,97.0,82.0,4342.0
1028,,,4263.0,4245.0,household_agent_9,1009.0,41.0,household_agent_3,159.0,82.0,4404.0
1029,,,4317.0,4262.0,household_agent_2,1002.0,41.0,household_agent_3,64.0,41.0,4326.0
1030,,,4373.0,4279.0,household_agent_2,1002.0,41.0,household_agent_3,73.0,41.0,4352.0
1031,,,4374.0,4279.0,household_agent_4,1004.0,41.0,household_agent_3,89.0,41.0,4368.0
1032,,,4375.0,4279.0,household_agent_9,1009.0,41.0,household_agent_3,130.0,41.0,4409.0
1033,,,4429.0,4333.0,household_agent_2,1002.0,41.0,household_agent_3,51.0,41.0,4384.0
1034,,,4430.0,4333.0,household_agent_4,1004.0,41.0,household_agent_3,80.0,41.0,4413.0
1035,,,4431.0,4333.0,household_agent_9,1009.0,41.0,household_agent_3,134.0,41.0,4467.0
1036,,,4485.0,4366.0,household_agent_2,1002.0,41.0,household_agent_3,64.0,41.0,4430.0
1037,,,4486.0,4366.0,household_agent_4,1004.0,41.0,household_agent_3,90.0,41.0,4456.0
1038,,,4487.0,4366.0,household_agent_9,1009.0,41.0,household_agent_3,130.0,41.0,4496.0
1039,,,4541.0,4416.0,household_agent_2,1002.0,41.0,household_agent_3,49.0,41.0,4465.0
1040,,,4542.0,4416.0,household_agent_4,1004.0,41.0,household_agent_3,64.0,41.0,4480.0
1041,,,4543.0,4416.0,household_agent_9,1009.0,41.0,household_agent_3,124.0,41.0,4540.0
1042,,,4597.0,4488.0,household_agent_2,1002.0,41.0,household_agent_3,46.0,41.0,4534.0
1043,,,4598.0,4488.0,household_agent_4,1004.0,41.0,household_agent_3,63.0,41.0,4551.0
1044,,,4599.0,4488.0,household_agent_9,1009.0,41.0,household_agent_3,69.0,41.0,4557.0
1045,,,4653.0,4494.0,household_agent_2,1002.0,41.0,household_agent_3,71.0,41.0,4565.0
1046,,,4654.0,4494.0,household_agent_4,1004.0,41.0,household_agent_3,90.0,41.0,4584.0
1047,,,4655.0,4494.0,household_agent_9,1009.0,41.0,household_agent_3,95.0,41.0,4589.0
1048,,,4709.0,4591.0,household_agent_2,1002.0,41.0,household_agent_3,48.0,41.0,4639.0
1049,,,4710.0,4591.0,household_agent_4,1004.0,41.0,household_agent_3,52.0,41.0,4643.0
1050,,,4711.0,4591.0,household_agent_9,1009.0,41.0,household_agent_3,58.0,41.0,4649.0
1051,,,4765.0,4647.0,household_agent_2,1002.0,41.0,household_agent_3,50.0,41.0,4697.0
1052,,,4766.0,4647.0,household_agent_4,1004.0,41.0,household_agent_3,65.0,41.0,4712.0
1053,,,4767.0,4647.0,household_agent_9,1009.0,41.0,household_agent_3,72.0,41.0,4719.0
1054,,,4821.0,4714.0,household_agent_2,1002.0,41.0,household_agent_3,46.0,41.0,4760.0
1055,,,4822.0,4714.0,household_agent_4,1004.0,41.0,household_agent_3,57.0,41.0,4771.0
1056,,,4823.0,4714.0,household_agent_9,1009.0,41.0,household_agent_3,85.0,41.0,4799.0
1057,,,4877.0,4718.0,household_agent_2,1002.0,41.0,household_agent_3,70.0,41.0,4788.0
1058,,,4878.0,4718.0,household_agent_4,1004.0,41.0,household_agent_3,76.0,41.0,4794.0
1059,,,4879.0,4718.0,household_agent_9,1009.0,41.0,household_agent_3,117.0,41.0,4835.0
1060,,,4933.0,4796.0,household_agent_2,1002.0,41.0,household_agent_3,49.0,41.0,4845.0
1061,,,4934.0,4796.0,household_agent_4,1004.0,41.0,household_agent_3,61.0,41.0,4857.0
1062,,,4935.0,4796.0,household_agent_9,1009.0,41.0,household_agent_3,71.0,41.0,4867.0
1063,,,4989.0,4885.0,household_agent_2,1002.0,41.0,household_agent_3,44.0,41.0,4929.0
1064,,,4990.0,4885.0,household_agent_4,1004.0,41.0,household_agent_3,49.0,41.0,4934.0
1065,,,4991.0,4885.0,household_agent_9,1009.0,41.0,household_agent_3,55.0,41.0,4940.0
1066,,,5045.0,4945.0,household_agent_2,1002.0,41.0,household_agent_3,48.0,41.0,4993.0
1067,,,5046.0,4945.0,household_agent_4,1004.0,41.0,household_agent_3,53.0,41.0,4998.0
1068,,,5047.0,4945.0,household_agent_9,1009.0,41.0,household_agent_3,61.0,41.0,5006.0
1069,,,5101.0,5015.0,household_agent_2,1002.0,41.0,household_agent_3,61.0,41.0,5076.0
1070,,,5102.0,5015.0,household_agent_4,1004.0,41.0,household_agent_3,77.0,41.0,5092.0
1071,,,5103.0,5015.0,household_agent_9,1009.0,41.0,household_agent_3,82.0,41.0,5097.0
1072,,,5157.0,5034.0,household_agent_2,1002.0,41.0,household_agent_3,74.0,41.0,5108.0
1073,,,5158.0,5034.0,household_agent_4,1004.0,41.0,household_agent_3,107.0,41.0,5141.0
1074,,,5159.0,5034.0,household_agent_9,1009.0,41.0,household_agent_3,130.0,41.0,5164.0
1075,,,5213.0,5092.0,household_agent_2,1002.0,41.0,household_agent_3,44.0,41.0,5136.0
1076,,,5214.0,5092.0,household_agent_4,1004.0,41.0,household_agent_3,60.0,41.0,5152.0
1077,,,5215.0,5092.0,household_agent_9,1009.0,41.0,household_agent_3,99.0,41.0,5191.0
1078,,,5269.0,5086.0,aggregator_agent,1019.0,41.0,household_agent_3,124.0,41.0,5210.0
1079,,,12.0,127.0,household_agent_3,1003.0,41.0,household_agent_4,54.0,41.0,181.0
1080,,,13.0,127.0,household_agent_5,1005.0,41.0,household_agent_4,59.0,41.0,186.0
1081,,,14.0,127.0,generation_agent_1,1014.0,41.0,household_agent_4,76.0,41.0,203.0
1082,,,15.0,127.0,household_agent_11,1011.0,41.0,household_agent_4,99.0,41.0,226.0
1083,,,68.0,205.0,household_agent_3,1003.0,41.0,household_agent_4,37.0,41.0,242.0
1084,,,69.0,205.0,household_agent_5,1005.0,41.0,household_agent_4,49.0,41.0,254.0
1085,,,70.0,205.0,generation_agent_1,1014.0,41.0,household_agent_4,74.0,41.0,279.0
1086,,,71.0,205.0,household_agent_11,1011.0,41.0,household_agent_4,183.0,41.0,388.0
1087,,,124.0,253.0,household_agent_3,1003.0,41.0,household_agent_4,45.0,41.0,298.0
1088,,,125.0,253.0,household_agent_5,1005.0,41.0,household_agent_4,50.0,41.0,303.0
1089,,,126.0,253.0,generation_agent_1,1014.0,41.0,household_agent_4,55.0,41.0,308.0
1090,,,127.0,253.0,household_agent_11,1011.0,41.0,household_agent_4,148.0,41.0,401.0
1091,,,180.0,303.0,household_agent_3,1003.0,41.0,household_agent_4,39.0,41.0,342.0
1092,,,181.0,303.0,household_agent_5,1005.0,41.0,household_agent_4,49.0,41.0,352.0
1093,,,182.0,303.0,generation_agent_1,1014.0,41.0,household_agent_4,72.0,41.0,375.0
1094,,,183.0,303.0,household_agent_11,1011.0,41.0,household_agent_4,324.0,41.0,627.0
1095,,,236.0,397.0,household_agent_3,1003.0,41.0,household_agent_4,53.0,41.0,450.0
1096,,,237.0,397.0,household_agent_5,1005.0,41.0,household_agent_4,58.0,41.0,455.0
1097,,,238.0,397.0,generation_agent_1,1014.0,41.0,household_agent_4,94.0,41.0,491.0
1098,,,239.0,397.0,household_agent_11,1011.0,41.0,household_agent_4,451.0,123.0,848.0
1099,,,292.0,455.0,household_agent_3,1003.0,41.0,household_agent_4,52.0,41.0,507.0
1100,,,293.0,455.0,household_agent_5,1005.0,41.0,household_agent_4,61.0,41.0,516.0
1101,,,294.0,455.0,generation_agent_1,1014.0,41.0,household_agent_4,73.0,41.0,528.0
1102,,,348.0,461.0,household_agent_3,1003.0,41.0,household_agent_4,83.0,41.0,544.0
1103,,,349.0,461.0,household_agent_5,1005.0,41.0,household_agent_4,88.0,41.0,549.0
1104,,,350.0,461.0,generation_agent_1,1014.0,41.0,household_agent_4,99.0,41.0,560.0
1105,,,404.0,559.0,household_agent_3,1003.0,41.0,household_agent_4,64.0,41.0,623.0
1106,,,405.0,559.0,household_agent_5,1005.0,41.0,household_agent_4,67.0,41.0,626.0
1107,,,406.0,559.0,generation_agent_1,1014.0,41.0,household_agent_4,67.0,41.0,626.0
1108,,,407.0,559.0,household_agent_11,1011.0,41.0,household_agent_4,361.0,82.0,920.0
1109,,,460.0,571.0,household_agent_3,1003.0,41.0,household_agent_4,81.0,41.0,652.0
1110,,,461.0,571.0,household_agent_5,1005.0,41.0,household_agent_4,87.0,41.0,658.0
1111,,,462.0,571.0,generation_agent_1,1014.0,41.0,household_agent_4,99.0,41.0,670.0
1112,,,516.0,669.0,household_agent_3,1003.0,41.0,household_agent_4,48.0,41.0,717.0
1113,,,517.0,669.0,household_agent_5,1005.0,41.0,household_agent_4,67.0,41.0,736.0
1114,,,518.0,669.0,generation_agent_1,1014.0,41.0,household_agent_4,135.0,82.0,804.0
1115,,,519.0,669.0,household_agent_11,1011.0,41.0,household_agent_4,302.0,164.0,971.0
1116,,,572.0,670.0,household_agent_3,1003.0,41.0,household_agent_4,101.0,41.0,771.0
1117,,,573.0,670.0,household_agent_5,1005.0,41.0,household_agent_4,106.0,41.0,776.0
1118,,,628.0,707.0,household_agent_3,1003.0,41.0,household_agent_4,86.0,41.0,793.0
1119,,,629.0,707.0,household_agent_5,1005.0,41.0,household_agent_4,97.0,41.0,804.0
1120,,,630.0,707.0,generation_agent_1,1014.0,41.0,household_agent_4,135.0,41.0,842.0
1121,,,684.0,753.0,household_agent_3,1003.0,41.0,household_agent_4,62.0,41.0,815.0
1122,,,685.0,753.0,household_agent_5,1005.0,41.0,household_agent_4,74.0,41.0,827.0
1123,,,686.0,753.0,generation_agent_1,1014.0,41.0,household_agent_4,123.0,41.0,876.0
1124,,,740.0,843.0,household_agent_3,1003.0,41.0,household_agent_4,50.0,41.0,893.0
1125,,,741.0,843.0,household_agent_5,1005.0,41.0,household_agent_4,56.0,41.0,899.0
1126,,,742.0,843.0,generation_agent_1,1014.0,41.0,household_agent_4,61.0,41.0,904.0
1127,,,743.0,843.0,household_agent_11,1011.0,41.0,household_agent_4,248.0,41.0,1091.0
1128,,,796.0,943.0,household_agent_3,1003.0,41.0,household_agent_4,37.0,41.0,980.0
1129,,,797.0,943.0,household_agent_5,1005.0,41.0,household_agent_4,48.0,41.0,991.0
1130,,,798.0,943.0,generation_agent_1,1014.0,41.0,household_agent_4,72.0,41.0,1015.0
1131,,,799.0,943.0,household_agent_11,1011.0,41.0,household_agent_4,348.0,41.0,1291.0
1132,,,852.0,986.0,household_agent_3,1003.0,41.0,household_agent_4,40.0,41.0,1026.0
1133,,,853.0,986.0,household_agent_5,1005.0,41.0,household_agent_4,49.0,41.0,1035.0
1134,,,854.0,986.0,generation_agent_1,1014.0,41.0,household_agent_4,105.0,41.0,1091.0
1135,,,855.0,986.0,household_agent_11,1011.0,41.0,household_agent_4,412.0,41.0,1398.0
1136,,,908.0,1026.0,household_agent_3,1003.0,41.0,household_agent_4,59.0,41.0,1085.0
1137,,,909.0,1026.0,household_agent_5,1005.0,41.0,household_agent_4,70.0,41.0,1096.0
1138,,,910.0,1026.0,generation_agent_1,1014.0,41.0,household_agent_4,115.0,41.0,1141.0
1139,,,911.0,1026.0,household_agent_11,1011.0,41.0,household_agent_4,479.0,123.0,1505.0
1140,,,964.0,1044.0,household_agent_3,1003.0,41.0,household_agent_4,69.0,41.0,1113.0
1141,,,965.0,1044.0,household_agent_5,1005.0,41.0,household_agent_4,87.0,41.0,1131.0
1142,,,966.0,1044.0,generation_agent_1,1014.0,41.0,household_agent_4,135.0,41.0,1179.0
1143,,,1020.0,1104.0,household_agent_3,1003.0,41.0,household_agent_4,53.0,41.0,1157.0
1144,,,1021.0,1104.0,household_agent_5,1005.0,41.0,household_agent_4,65.0,41.0,1169.0
1145,,,1022.0,1104.0,generation_agent_1,1014.0,41.0,household_agent_4,91.0,41.0,1195.0
1146,,,1076.0,1148.0,household_agent_3,1003.0,41.0,household_agent_4,46.0,41.0,1194.0
1147,,,1077.0,1148.0,household_agent_5,1005.0,41.0,household_agent_4,58.0,41.0,1206.0
1148,,,1078.0,1148.0,generation_agent_1,1014.0,41.0,household_agent_4,115.0,41.0,1263.0
1149,,,1079.0,1148.0,household_agent_11,1011.0,41.0,household_agent_4,358.0,82.0,1506.0
1150,,,1132.0,1205.0,household_agent_3,1003.0,41.0,household_agent_4,55.0,41.0,1260.0
1151,,,1133.0,1205.0,household_agent_5,1005.0,41.0,household_agent_4,69.0,41.0,1274.0
1152,,,1134.0,1205.0,generation_agent_1,1014.0,41.0,household_agent_4,85.0,41.0,1290.0
1153,,,1188.0,1211.0,household_agent_3,1003.0,41.0,household_agent_4,73.0,41.0,1284.0
1154,,,1189.0,1211.0,household_agent_5,1005.0,41.0,household_agent_4,93.0,41.0,1304.0
1155,,,1190.0,1211.0,generation_agent_1,1014.0,41.0,household_agent_4,138.0,41.0,1349.0
1156,,,1191.0,1211.0,household_agent_11,1011.0,41.0,household_agent_4,295.0,123.0,1506.0
1157,,,1244.0,1286.0,household_agent_3,1003.0,41.0,household_agent_4,46.0,41.0,1332.0
1158,,,1245.0,1286.0,household_agent_5,1005.0,41.0,household_agent_4,51.0,41.0,1337.0
1159,,,1246.0,1286.0,generation_agent_1,1014.0,41.0,household_agent_4,73.0,41.0,1359.0
1160,,,1300.0,1357.0,household_agent_3,1003.0,41.0,household_agent_4,53.0,41.0,1410.0
1161,,,1301.0,1357.0,household_agent_5,1005.0,41.0,household_agent_4,58.0,41.0,1415.0
1162,,,1302.0,1357.0,generation_agent_1,1014.0,41.0,household_agent_4,79.0,41.0,1436.0
1163,,,1356.0,1406.0,household_agent_3,1003.0,41.0,household_agent_4,56.0,41.0,1462.0
1164,,,1357.0,1406.0,household_agent_5,1005.0,41.0,household_agent_4,64.0,41.0,1470.0
1165,,,1358.0,1406.0,generation_agent_1,1014.0,41.0,household_agent_4,83.0,41.0,1489.0
1166,,,1359.0,1406.0,household_agent_11,1011.0,41.0,household_agent_4,172.0,41.0,1578.0
1167,,,1412.0,1470.0,household_agent_3,1003.0,41.0,household_agent_4,53.0,41.0,1523.0
1168,,,1413.0,1470.0,household_agent_5,1005.0,41.0,household_agent_4,57.0,41.0,1527.0
1169,,,1414.0,1470.0,generation_agent_1,1014.0,41.0,household_agent_4,70.0,41.0,1540.0
1170,,,1415.0,1470.0,household_agent_11,1011.0,41.0,household_agent_4,220.0,41.0,1690.0
1171,,,1468.0,1570.0,household_agent_3,1003.0,41.0,household_agent_4,52.0,41.0,1622.0
1172,,,1469.0,1570.0,household_agent_5,1005.0,41.0,household_agent_4,56.0,41.0,1626.0
1173,,,1470.0,1570.0,generation_agent_1,1014.0,41.0,household_agent_4,82.0,41.0,1652.0
1174,,,1471.0,1570.0,household_agent_11,1011.0,41.0,household_agent_4,165.0,41.0,1735.0
1175,,,1524.0,1621.0,household_agent_3,1003.0,41.0,household_agent_4,44.0,41.0,1665.0
1176,,,1525.0,1621.0,household_agent_5,1005.0,41.0,household_agent_4,51.0,41.0,1672.0
1177,,,1526.0,1621.0,generation_agent_1,1014.0,41.0,household_agent_4,65.0,41.0,1686.0
1178,,,1527.0,1621.0,household_agent_11,1011.0,41.0,household_agent_4,322.0,41.0,1943.0
1179,,,1580.0,1704.0,household_agent_3,1003.0,41.0,household_agent_4,54.0,41.0,1758.0
1180,,,1581.0,1704.0,household_agent_5,1005.0,41.0,household_agent_4,64.0,41.0,1768.0
1181,,,1582.0,1704.0,generation_agent_1,1014.0,41.0,household_agent_4,114.0,41.0,1818.0
1182,,,1583.0,1704.0,household_agent_11,1011.0,41.0,household_agent_4,299.0,41.0,2003.0
1183,,,1636.0,1744.0,household_agent_3,1003.0,41.0,household_agent_4,63.0,41.0,1807.0
1184,,,1637.0,1744.0,household_agent_5,1005.0,41.0,household_agent_4,58.0,41.0,1802.0
1185,,,1638.0,1744.0,generation_agent_1,1014.0,41.0,household_agent_4,176.0,82.0,1920.0
1186,,,1639.0,1744.0,household_agent_11,1011.0,41.0,household_agent_4,458.0,164.0,2202.0
1187,,,1692.0,1747.0,household_agent_3,1003.0,41.0,household_agent_4,99.0,41.0,1846.0
1188,,,1693.0,1747.0,household_agent_5,1005.0,41.0,household_agent_4,78.0,41.0,1825.0
1189,,,1748.0,1787.0,household_agent_3,1003.0,41.0,household_agent_4,94.0,82.0,1881.0
1190,,,1749.0,1787.0,household_agent_5,1005.0,41.0,household_agent_4,76.0,41.0,1863.0
1191,,,1750.0,1787.0,generation_agent_1,1014.0,41.0,household_agent_4,166.0,82.0,1953.0
1192,,,1805.0,1789.0,household_agent_5,1005.0,41.0,household_agent_4,112.0,41.0,1901.0
1193,,,1860.0,1873.0,household_agent_3,1003.0,41.0,household_agent_4,62.0,41.0,1935.0
1194,,,1861.0,1873.0,household_agent_5,1005.0,41.0,household_agent_4,61.0,41.0,1934.0
1195,,,1862.0,1873.0,generation_agent_1,1014.0,41.0,household_agent_4,111.0,41.0,1984.0
1196,,,1863.0,1873.0,household_agent_11,1011.0,41.0,household_agent_4,441.0,205.0,2314.0
1197,,,1916.0,1881.0,household_agent_3,1003.0,41.0,household_agent_4,87.0,41.0,1968.0
1198,,,1917.0,1881.0,household_agent_5,1005.0,41.0,household_agent_4,98.0,41.0,1979.0
1199,,,1918.0,1881.0,generation_agent_1,1014.0,41.0,household_agent_4,126.0,41.0,2007.0
1200,,,1972.0,1979.0,household_agent_3,1003.0,41.0,household_agent_4,73.0,41.0,2052.0
1201,,,1973.0,1979.0,household_agent_5,1005.0,41.0,household_agent_4,86.0,41.0,2065.0
1202,,,1974.0,1979.0,generation_agent_1,1014.0,41.0,household_agent_4,57.0,41.0,2036.0
1203,,,2028.0,2009.0,household_agent_3,1003.0,41.0,household_agent_4,73.0,41.0,2082.0
1204,,,2029.0,2009.0,household_agent_5,1005.0,41.0,household_agent_4,103.0,41.0,2112.0
1205,,,2030.0,2009.0,generation_agent_1,1014.0,41.0,household_agent_4,114.0,41.0,2123.0
1206,,,2084.0,2030.0,household_agent_3,1003.0,41.0,household_agent_4,76.0,41.0,2106.0
1207,,,2085.0,2030.0,household_agent_5,1005.0,41.0,household_agent_4,122.0,41.0,2152.0
1208,,,2086.0,2030.0,generation_agent_1,1014.0,41.0,household_agent_4,135.0,41.0,2165.0
1209,,,2140.0,2090.0,household_agent_3,1003.0,41.0,household_agent_4,62.0,41.0,2152.0
1210,,,2141.0,2090.0,household_agent_5,1005.0,41.0,household_agent_4,70.0,41.0,2160.0
1211,,,2142.0,2090.0,generation_agent_1,1014.0,41.0,household_agent_4,80.0,41.0,2170.0
1212,,,2143.0,2090.0,household_agent_11,1011.0,41.0,household_agent_4,333.0,41.0,2423.0
1213,,,2196.0,2162.0,household_agent_3,1003.0,41.0,household_agent_4,52.0,41.0,2214.0
1214,,,2197.0,2162.0,household_agent_5,1005.0,41.0,household_agent_4,59.0,41.0,2221.0
1215,,,2198.0,2162.0,generation_agent_1,1014.0,41.0,household_agent_4,67.0,41.0,2229.0
1216,,,2199.0,2162.0,household_agent_11,1011.0,41.0,household_agent_4,368.0,82.0,2530.0
1217,,,2252.0,2167.0,household_agent_3,1003.0,41.0,household_agent_4,79.0,41.0,2246.0
1218,,,2253.0,2167.0,household_agent_5,1005.0,41.0,household_agent_4,82.0,41.0,2249.0
1219,,,2254.0,2167.0,generation_agent_1,1014.0,41.0,household_agent_4,116.0,41.0,2283.0
1220,,,2308.0,2239.0,household_agent_3,1003.0,41.0,household_agent_4,93.0,82.0,2332.0
1221,,,2309.0,2239.0,household_agent_5,1005.0,41.0,household_agent_4,98.0,82.0,2337.0
1222,,,2310.0,2239.0,generation_agent_1,1014.0,41.0,household_agent_4,113.0,82.0,2352.0
1223,,,2311.0,2239.0,household_agent_11,1011.0,41.0,household_agent_4,346.0,246.0,2585.0
1224,,,2420.0,2269.0,household_agent_3,1003.0,41.0,household_agent_4,94.0,41.0,2363.0
1225,,,2421.0,2269.0,household_agent_5,1005.0,41.0,household_agent_4,100.0,41.0,2369.0
1226,,,2422.0,2269.0,generation_agent_1,1014.0,41.0,household_agent_4,128.0,41.0,2397.0
1227,,,2476.0,2336.0,household_agent_3,1003.0,41.0,household_agent_4,67.0,41.0,2403.0
1228,,,2477.0,2336.0,household_agent_5,1005.0,41.0,household_agent_4,76.0,41.0,2412.0
1229,,,2478.0,2336.0,generation_agent_1,1014.0,41.0,household_agent_4,95.0,41.0,2431.0
1230,,,2532.0,2368.0,household_agent_3,1003.0,41.0,household_agent_4,69.0,41.0,2437.0
1231,,,2533.0,2368.0,household_agent_5,1005.0,41.0,household_agent_4,75.0,41.0,2443.0
1232,,,2534.0,2368.0,generation_agent_1,1014.0,41.0,household_agent_4,106.0,41.0,2474.0
1233,,,2588.0,2417.0,household_agent_3,1003.0,41.0,household_agent_4,40.0,41.0,2457.0
1234,,,2589.0,2417.0,household_agent_5,1005.0,41.0,household_agent_4,50.0,41.0,2467.0
1235,,,2590.0,2417.0,generation_agent_1,1014.0,41.0,household_agent_4,81.0,41.0,2498.0
1236,,,2644.0,2489.0,household_agent_3,1003.0,41.0,household_agent_4,55.0,41.0,2544.0
1237,,,2645.0,2489.0,household_agent_5,1005.0,41.0,household_agent_4,60.0,41.0,2549.0
1238,,,2646.0,2489.0,generation_agent_1,1014.0,41.0,household_agent_4,78.0,41.0,2567.0
1239,,,2647.0,2489.0,household_agent_11,1011.0,41.0,household_agent_4,148.0,41.0,2637.0
1240,,,2700.0,2569.0,household_agent_3,1003.0,41.0,household_agent_4,46.0,41.0,2615.0
1241,,,2701.0,2569.0,household_agent_5,1005.0,41.0,household_agent_4,52.0,41.0,2621.0
1242,,,2702.0,2569.0,generation_agent_1,1014.0,41.0,household_agent_4,61.0,41.0,2630.0
1243,,,2703.0,2569.0,household_agent_11,1011.0,41.0,household_agent_4,73.0,41.0,2642.0
1244,,,2756.0,2640.0,household_agent_3,1003.0,41.0,household_agent_4,60.0,41.0,2700.0
1245,,,2757.0,2640.0,household_agent_5,1005.0,41.0,household_agent_4,64.0,41.0,2704.0
1246,,,2758.0,2640.0,generation_agent_1,1014.0,41.0,household_agent_4,97.0,41.0,2737.0
1247,,,2759.0,2640.0,household_agent_11,1011.0,41.0,household_agent_4,192.0,82.0,2832.0
1248,,,2812.0,2652.0,household_agent_3,1003.0,41.0,household_agent_4,73.0,41.0,2725.0
1249,,,2813.0,2652.0,household_agent_5,1005.0,41.0,household_agent_4,78.0,41.0,2730.0
1250,,,2814.0,2652.0,generation_agent_1,1014.0,41.0,household_agent_4,126.0,41.0,2778.0
1251,,,2868.0,2699.0,household_agent_3,1003.0,41.0,household_agent_4,39.0,41.0,2738.0
1252,,,2869.0,2699.0,household_agent_5,1005.0,41.0,household_agent_4,56.0,41.0,2755.0
1253,,,2870.0,2699.0,generation_agent_1,1014.0,41.0,household_agent_4,79.0,41.0,2778.0
1254,,,2871.0,2699.0,household_agent_11,1011.0,41.0,household_agent_4,242.0,41.0,2941.0
1255,,,2924.0,2799.0,household_agent_3,1003.0,41.0,household_agent_4,54.0,41.0,2853.0
1256,,,2925.0,2799.0,household_agent_5,1005.0,41.0,household_agent_4,64.0,41.0,2863.0
1257,,,2926.0,2799.0,generation_agent_1,1014.0,41.0,household_agent_4,136.0,41.0,2935.0
1258,,,2927.0,2799.0,household_agent_11,1011.0,41.0,household_agent_4,210.0,41.0,3009.0
1259,,,2980.0,2839.0,household_agent_3,1003.0,41.0,household_agent_4,46.0,41.0,2885.0
1260,,,2981.0,2839.0,household_agent_5,1005.0,41.0,household_agent_4,91.0,41.0,2930.0
1261,,,2982.0,2839.0,generation_agent_1,1014.0,41.0,household_agent_4,102.0,41.0,2941.0
1262,,,2983.0,2839.0,household_agent_11,1011.0,41.0,household_agent_4,398.0,82.0,3237.0
1263,,,3036.0,2873.0,household_agent_3,1003.0,41.0,household_agent_4,53.0,41.0,2926.0
1264,,,3037.0,2873.0,household_agent_5,1005.0,41.0,household_agent_4,79.0,41.0,2952.0
1265,,,3038.0,2873.0,generation_agent_1,1014.0,41.0,household_agent_4,102.0,41.0,2975.0
1266,,,3092.0,2968.0,household_agent_3,1003.0,41.0,household_agent_4,44.0,41.0,3012.0
1267,,,3093.0,2968.0,household_agent_5,1005.0,41.0,household_agent_4,52.0,41.0,3020.0
1268,,,3094.0,2968.0,generation_agent_1,1014.0,41.0,household_agent_4,63.0,41.0,3031.0
1269,,,3095.0,2968.0,household_agent_11,1011.0,41.0,household_agent_4,340.0,205.0,3308.0
1270,,,3148.0,3002.0,household_agent_3,1003.0,41.0,household_agent_4,52.0,41.0,3054.0
1271,,,3149.0,3002.0,household_agent_5,1005.0,41.0,household_agent_4,64.0,41.0,3066.0
1272,,,3150.0,3002.0,generation_agent_1,1014.0,41.0,household_agent_4,118.0,41.0,3120.0
1273,,,3204.0,3045.0,household_agent_3,1003.0,41.0,household_agent_4,47.0,41.0,3092.0
1274,,,3205.0,3045.0,household_agent_5,1005.0,41.0,household_agent_4,54.0,41.0,3099.0
1275,,,3206.0,3045.0,generation_agent_1,1014.0,41.0,household_agent_4,119.0,41.0,3164.0
1276,,,3260.0,3096.0,household_agent_3,1003.0,41.0,household_agent_4,52.0,41.0,3148.0
1277,,,3261.0,3096.0,household_agent_5,1005.0,41.0,household_agent_4,57.0,41.0,3153.0
1278,,,3262.0,3096.0,generation_agent_1,1014.0,41.0,household_agent_4,100.0,41.0,3196.0
1279,,,3316.0,3161.0,household_agent_3,1003.0,41.0,household_agent_4,74.0,41.0,3235.0
1280,,,3317.0,3161.0,household_agent_5,1005.0,41.0,household_agent_4,78.0,41.0,3239.0
1281,,,3318.0,3161.0,generation_agent_1,1014.0,41.0,household_agent_4,77.0,41.0,3238.0
1282,,,3372.0,3188.0,household_agent_3,1003.0,41.0,household_agent_4,78.0,41.0,3266.0
1283,,,3373.0,3188.0,household_agent_5,1005.0,41.0,household_agent_4,83.0,41.0,3271.0
1284,,,3374.0,3188.0,generation_agent_1,1014.0,41.0,household_agent_4,95.0,41.0,3283.0
1285,,,3375.0,3188.0,household_agent_11,1011.0,41.0,household_agent_4,240.0,41.0,3428.0
1286,,,3428.0,3275.0,household_agent_3,1003.0,41.0,household_agent_4,51.0,41.0,3326.0
1287,,,3429.0,3275.0,household_agent_5,1005.0,41.0,household_agent_4,55.0,41.0,3330.0
1288,,,3430.0,3275.0,generation_agent_1,1014.0,41.0,household_agent_4,67.0,41.0,3342.0
1289,,,3431.0,3275.0,household_agent_11,1011.0,41.0,household_agent_4,248.0,41.0,3523.0
1290,,,3484.0,3345.0,household_agent_3,1003.0,41.0,household_agent_4,49.0,41.0,3394.0
1291,,,3485.0,3345.0,household_agent_5,1005.0,41.0,household_agent_4,54.0,41.0,3399.0
1292,,,3486.0,3345.0,generation_agent_1,1014.0,41.0,household_agent_4,73.0,41.0,3418.0
1293,,,3487.0,3345.0,household_agent_11,1011.0,41.0,household_agent_4,189.0,41.0,3534.0
1294,,,3540.0,3353.0,household_agent_3,1003.0,41.0,household_agent_4,68.0,41.0,3421.0
1295,,,3541.0,3353.0,household_agent_5,1005.0,41.0,household_agent_4,74.0,41.0,3427.0
1296,,,3542.0,3353.0,generation_agent_1,1014.0,41.0,household_agent_4,109.0,41.0,3462.0
1297,,,3543.0,3353.0,household_agent_11,1011.0,41.0,household_agent_4,245.0,82.0,3598.0
1298,,,3596.0,3433.0,household_agent_3,1003.0,41.0,household_agent_4,46.0,41.0,3479.0
1299,,,3597.0,3433.0,household_agent_5,1005.0,41.0,household_agent_4,56.0,41.0,3489.0
1300,,,3598.0,3433.0,generation_agent_1,1014.0,41.0,household_agent_4,73.0,41.0,3506.0
1301,,,3652.0,3526.0,household_agent_3,1003.0,41.0,household_agent_4,49.0,41.0,3575.0
1302,,,3653.0,3526.0,household_agent_5,1005.0,41.0,household_agent_4,53.0,41.0,3579.0
1303,,,3654.0,3526.0,generation_agent_1,1014.0,41.0,household_agent_4,59.0,41.0,3585.0
1304,,,3655.0,3526.0,household_agent_11,1011.0,41.0,household_agent_4,91.0,41.0,3617.0
1305,,,3708.0,3617.0,household_agent_3,1003.0,41.0,household_agent_4,52.0,41.0,3669.0
1306,,,3709.0,3617.0,household_agent_5,1005.0,41.0,household_agent_4,57.0,41.0,3674.0
1307,,,3710.0,3617.0,generation_agent_1,1014.0,41.0,household_agent_4,79.0,41.0,3696.0
1308,,,3711.0,3617.0,household_agent_11,1011.0,41.0,household_agent_4,304.0,41.0,3921.0
1309,,,3764.0,3676.0,household_agent_3,1003.0,41.0,household_agent_4,38.0,41.0,3714.0
1310,,,3765.0,3676.0,household_agent_5,1005.0,41.0,household_agent_4,49.0,41.0,3725.0
1311,,,3766.0,3676.0,generation_agent_1,1014.0,41.0,household_agent_4,109.0,41.0,3785.0
1312,,,3767.0,3676.0,household_agent_11,1011.0,41.0,household_agent_4,269.0,123.0,3945.0
1313,,,3820.0,3709.0,household_agent_3,1003.0,41.0,household_agent_4,55.0,41.0,3764.0
1314,,,3821.0,3709.0,household_agent_5,1005.0,41.0,household_agent_4,60.0,41.0,3769.0
1315,,,3822.0,3709.0,generation_agent_1,1014.0,41.0,household_agent_4,128.0,41.0,3837.0
1316,,,3876.0,3765.0,household_agent_3,1003.0,41.0,household_agent_4,48.0,41.0,3813.0
1317,,,3877.0,3765.0,household_agent_5,1005.0,41.0,household_agent_4,54.0,41.0,3819.0
1318,,,3878.0,3765.0,generation_agent_1,1014.0,41.0,household_agent_4,72.0,41.0,3837.0
1319,,,3932.0,3849.0,household_agent_3,1003.0,41.0,household_agent_4,44.0,41.0,3893.0
1320,,,3933.0,3849.0,household_agent_5,1005.0,41.0,household_agent_4,50.0,41.0,3899.0
1321,,,3934.0,3849.0,generation_agent_1,1014.0,41.0,household_agent_4,62.0,41.0,3911.0
1322,,,3935.0,3849.0,household_agent_11,1011.0,41.0,household_agent_4,176.0,41.0,4025.0
1323,,,3988.0,3945.0,household_agent_3,1003.0,41.0,household_agent_4,51.0,41.0,3996.0
1324,,,3989.0,3945.0,household_agent_5,1005.0,41.0,household_agent_4,51.0,41.0,3996.0
1325,,,3990.0,3945.0,generation_agent_1,1014.0,41.0,household_agent_4,68.0,41.0,4013.0
1326,,,3991.0,3945.0,household_agent_11,1011.0,41.0,household_agent_4,91.0,41.0,4036.0
1327,,,4044.0,4033.0,household_agent_3,1003.0,41.0,household_agent_4,55.0,41.0,4088.0
1328,,,4045.0,4033.0,household_agent_5,1005.0,41.0,household_agent_4,60.0,41.0,4093.0
1329,,,4046.0,4033.0,generation_agent_1,1014.0,41.0,household_agent_4,75.0,41.0,4108.0
1330,,,4047.0,4033.0,household_agent_11,1011.0,41.0,household_agent_4,91.0,41.0,4124.0
1331,,,4100.0,4118.0,household_agent_3,1003.0,41.0,household_agent_4,50.0,41.0,4168.0
1332,,,4101.0,4118.0,household_agent_5,1005.0,41.0,household_agent_4,61.0,41.0,4179.0
1333,,,4102.0,4118.0,generation_agent_1,1014.0,41.0,household_agent_4,121.0,41.0,4239.0
1334,,,4103.0,4118.0,household_agent_11,1011.0,41.0,household_agent_4,603.0,41.0,4721.0
1335,,,4156.0,4153.0,household_agent_3,1003.0,41.0,household_agent_4,64.0,41.0,4217.0
1336,,,4157.0,4153.0,household_agent_5,1005.0,41.0,household_agent_4,70.0,41.0,4223.0
1337,,,4158.0,4153.0,generation_agent_1,1014.0,41.0,household_agent_4,109.0,41.0,4262.0
1338,,,4159.0,4153.0,household_agent_11,1011.0,41.0,household_agent_4,569.0,369.0,4722.0
1339,,,4212.0,4175.0,household_agent_3,1003.0,41.0,household_agent_4,70.0,41.0,4245.0
1340,,,4213.0,4175.0,household_agent_5,1005.0,41.0,household_agent_4,75.0,41.0,4250.0
1341,,,4214.0,4175.0,generation_agent_1,1014.0,41.0,household_agent_4,153.0,41.0,4328.0
1342,,,4268.0,4245.0,household_agent_3,1003.0,41.0,household_agent_4,61.0,41.0,4306.0
1343,,,4269.0,4245.0,household_agent_5,1005.0,41.0,household_agent_4,67.0,41.0,4312.0
1344,,,4270.0,4245.0,generation_agent_1,1014.0,41.0,household_agent_4,149.0,82.0,4394.0
1345,,,4324.0,4262.0,household_agent_3,1003.0,41.0,household_agent_4,55.0,41.0,4317.0
1346,,,4325.0,4262.0,household_agent_5,1005.0,41.0,household_agent_4,70.0,41.0,4332.0
1347,,,4380.0,4279.0,household_agent_3,1003.0,41.0,household_agent_4,81.0,41.0,4360.0
1348,,,4381.0,4279.0,household_agent_5,1005.0,41.0,household_agent_4,84.0,41.0,4363.0
1349,,,4382.0,4279.0,generation_agent_1,1014.0,41.0,household_agent_4,150.0,41.0,4429.0
1350,,,4436.0,4333.0,household_agent_3,1003.0,41.0,household_agent_4,71.0,41.0,4404.0
1351,,,4437.0,4333.0,household_agent_5,1005.0,41.0,household_agent_4,86.0,41.0,4419.0
1352,,,4438.0,4333.0,generation_agent_1,1014.0,41.0,household_agent_4,105.0,41.0,4438.0
1353,,,4492.0,4366.0,household_agent_3,1003.0,41.0,household_agent_4,65.0,41.0,4431.0
1354,,,4493.0,4366.0,household_agent_5,1005.0,41.0,household_agent_4,82.0,41.0,4448.0
1355,,,4494.0,4366.0,generation_agent_1,1014.0,41.0,household_agent_4,115.0,41.0,4481.0
1356,,,4548.0,4416.0,household_agent_3,1003.0,41.0,household_agent_4,60.0,41.0,4476.0
1357,,,4549.0,4416.0,household_agent_5,1005.0,41.0,household_agent_4,48.0,41.0,4464.0
1358,,,4550.0,4416.0,generation_agent_1,1014.0,41.0,household_agent_4,70.0,41.0,4486.0
1359,,,4604.0,4488.0,household_agent_3,1003.0,41.0,household_agent_4,55.0,41.0,4543.0
1360,,,4605.0,4488.0,household_agent_5,1005.0,41.0,household_agent_4,67.0,41.0,4555.0
1361,,,4606.0,4488.0,generation_agent_1,1014.0,41.0,household_agent_4,78.0,41.0,4566.0
1362,,,4660.0,4494.0,household_agent_3,1003.0,41.0,household_agent_4,77.0,41.0,4571.0
1363,,,4661.0,4494.0,household_agent_5,1005.0,41.0,household_agent_4,83.0,41.0,4577.0
1364,,,4662.0,4494.0,generation_agent_1,1014.0,41.0,household_agent_4,99.0,41.0,4593.0
1365,,,4663.0,4494.0,household_agent_11,1011.0,41.0,household_agent_4,336.0,82.0,4830.0
1366,,,4716.0,4591.0,household_agent_3,1003.0,41.0,household_agent_4,50.0,41.0,4641.0
1367,,,4717.0,4591.0,household_agent_5,1005.0,41.0,household_agent_4,55.0,41.0,4646.0
1368,,,4718.0,4591.0,generation_agent_1,1014.0,41.0,household_agent_4,63.0,41.0,4654.0
1369,,,4772.0,4647.0,household_agent_3,1003.0,41.0,household_agent_4,52.0,41.0,4699.0
1370,,,4773.0,4647.0,household_agent_5,1005.0,41.0,household_agent_4,56.0,41.0,4703.0
1371,,,4774.0,4647.0,generation_agent_1,1014.0,41.0,household_agent_4,63.0,41.0,4710.0
1372,,,4775.0,4647.0,household_agent_11,1011.0,41.0,household_agent_4,222.0,41.0,4869.0
1373,,,4828.0,4714.0,household_agent_3,1003.0,41.0,household_agent_4,56.0,41.0,4770.0
1374,,,4829.0,4714.0,household_agent_5,1005.0,41.0,household_agent_4,56.0,41.0,4770.0
1375,,,4830.0,4714.0,generation_agent_1,1014.0,41.0,household_agent_4,72.0,41.0,4786.0
1376,,,4831.0,4714.0,household_agent_11,1011.0,41.0,household_agent_4,201.0,82.0,4915.0
1377,,,4884.0,4718.0,household_agent_3,1003.0,41.0,household_agent_4,79.0,41.0,4797.0
1378,,,4885.0,4718.0,household_agent_5,1005.0,41.0,household_agent_4,74.0,41.0,4792.0
1379,,,4886.0,4718.0,generation_agent_1,1014.0,41.0,household_agent_4,108.0,41.0,4826.0
1380,,,4940.0,4796.0,household_agent_3,1003.0,41.0,household_agent_4,52.0,41.0,4848.0
1381,,,4941.0,4796.0,household_agent_5,1005.0,41.0,household_agent_4,56.0,41.0,4852.0
1382,,,4942.0,4796.0,generation_agent_1,1014.0,41.0,household_agent_4,62.0,41.0,4858.0
1383,,,4943.0,4796.0,household_agent_11,1011.0,41.0,household_agent_4,188.0,41.0,4984.0
1384,,,4996.0,4885.0,household_agent_3,1003.0,41.0,household_agent_4,50.0,41.0,4935.0
1385,,,4997.0,4885.0,household_agent_5,1005.0,41.0,household_agent_4,56.0,41.0,4941.0
1386,,,4998.0,4885.0,generation_agent_1,1014.0,41.0,household_agent_4,77.0,41.0,4962.0
1387,,,4999.0,4885.0,household_agent_11,1011.0,41.0,household_agent_4,182.0,41.0,5067.0
1388,,,5052.0,4945.0,household_agent_3,1003.0,41.0,household_agent_4,52.0,41.0,4997.0
1389,,,5053.0,4945.0,household_agent_5,1005.0,41.0,household_agent_4,58.0,41.0,5003.0
1390,,,5054.0,4945.0,generation_agent_1,1014.0,41.0,household_agent_4,62.0,41.0,5007.0
1391,,,5055.0,4945.0,household_agent_11,1011.0,41.0,household_agent_4,257.0,41.0,5202.0
1392,,,5108.0,5015.0,household_agent_3,1003.0,41.0,household_agent_4,79.0,41.0,5094.0
1393,,,5109.0,5015.0,household_agent_5,1005.0,41.0,household_agent_4,67.0,41.0,5082.0
1394,,,5110.0,5015.0,generation_agent_1,1014.0,41.0,household_agent_4,72.0,41.0,5087.0
1395,,,5111.0,5015.0,household_agent_11,1011.0,41.0,household_agent_4,204.0,82.0,5219.0
1396,,,5164.0,5034.0,household_agent_3,1003.0,41.0,household_agent_4,99.0,41.0,5133.0
1397,,,5165.0,5034.0,household_agent_5,1005.0,41.0,household_agent_4,88.0,41.0,5122.0
1398,,,5166.0,5034.0,generation_agent_1,1014.0,41.0,household_agent_4,121.0,41.0,5155.0
1399,,,5220.0,5092.0,household_agent_3,1003.0,41.0,household_agent_4,52.0,41.0,5144.0
1400,,,5221.0,5092.0,household_agent_5,1005.0,41.0,household_agent_4,57.0,41.0,5149.0
1401,,,5222.0,5092.0,generation_agent_1,1014.0,41.0,household_agent_4,68.0,41.0,5160.0
1402,,,5223.0,5092.0,household_agent_11,1011.0,41.0,household_agent_4,155.0,41.0,5247.0
1403,,,28.0,127.0,household_agent_4,1004.0,41.0,household_agent_5,45.0,41.0,172.0
1404,,,29.0,127.0,household_agent_6,1006.0,41.0,household_agent_5,51.0,41.0,178.0
1405,,,30.0,127.0,generation_agent_1,1014.0,41.0,household_agent_5,62.0,41.0,189.0
1406,,,31.0,127.0,generation_agent_3,1016.0,41.0,household_agent_5,78.0,41.0,205.0
1407,,,84.0,205.0,household_agent_4,1004.0,41.0,household_agent_5,39.0,41.0,244.0
1408,,,85.0,205.0,household_agent_6,1006.0,41.0,household_agent_5,49.0,41.0,254.0
1409,,,86.0,205.0,generation_agent_1,1014.0,41.0,household_agent_5,50.0,41.0,255.0
1410,,,87.0,205.0,generation_agent_3,1016.0,41.0,household_agent_5,139.0,41.0,344.0
1411,,,140.0,253.0,household_agent_4,1004.0,41.0,household_agent_5,47.0,41.0,300.0
1412,,,141.0,253.0,household_agent_6,1006.0,41.0,household_agent_5,60.0,41.0,313.0
1413,,,142.0,253.0,generation_agent_1,1014.0,41.0,household_agent_5,76.0,41.0,329.0
1414,,,143.0,253.0,generation_agent_3,1016.0,41.0,household_agent_5,130.0,41.0,383.0
1415,,,196.0,303.0,household_agent_4,1004.0,41.0,household_agent_5,52.0,41.0,355.0
1416,,,197.0,303.0,household_agent_6,1006.0,41.0,household_agent_5,63.0,41.0,366.0
1417,,,198.0,303.0,generation_agent_1,1014.0,41.0,household_agent_5,74.0,41.0,377.0
1418,,,199.0,303.0,generation_agent_3,1016.0,41.0,household_agent_5,230.0,41.0,533.0
1419,,,252.0,397.0,household_agent_4,1004.0,41.0,household_agent_5,42.0,41.0,439.0
1420,,,253.0,397.0,household_agent_6,1006.0,41.0,household_agent_5,53.0,41.0,450.0
1421,,,254.0,397.0,generation_agent_1,1014.0,41.0,household_agent_5,65.0,41.0,462.0
1422,,,255.0,397.0,generation_agent_3,1016.0,41.0,household_agent_5,188.0,41.0,585.0
1423,,,308.0,455.0,household_agent_4,1004.0,41.0,household_agent_5,51.0,41.0,506.0
1424,,,309.0,455.0,household_agent_6,1006.0,41.0,household_agent_5,56.0,41.0,511.0
1425,,,310.0,455.0,generation_agent_1,1014.0,41.0,household_agent_5,67.0,41.0,522.0
1426,,,311.0,455.0,generation_agent_3,1016.0,41.0,household_agent_5,175.0,41.0,630.0
1427,,,364.0,461.0,household_agent_4,1004.0,41.0,household_agent_5,72.0,41.0,533.0
1428,,,365.0,461.0,household_agent_6,1006.0,41.0,household_agent_5,83.0,41.0,544.0
1429,,,366.0,461.0,generation_agent_1,1014.0,41.0,household_agent_5,94.0,41.0,555.0
1430,,,367.0,461.0,generation_agent_3,1016.0,41.0,household_agent_5,213.0,41.0,674.0
1431,,,420.0,559.0,household_agent_4,1004.0,41.0,household_agent_5,59.0,41.0,618.0
1432,,,421.0,559.0,household_agent_6,1006.0,41.0,household_agent_5,59.0,41.0,618.0
1433,,,422.0,559.0,generation_agent_1,1014.0,41.0,household_agent_5,71.0,41.0,630.0
1434,,,423.0,559.0,generation_agent_3,1016.0,41.0,household_agent_5,202.0,41.0,761.0
1435,,,476.0,571.0,household_agent_4,1004.0,41.0,household_agent_5,75.0,41.0,646.0
1436,,,477.0,571.0,household_agent_6,1006.0,41.0,household_agent_5,81.0,41.0,652.0
1437,,,478.0,571.0,generation_agent_1,1014.0,41.0,household_agent_5,92.0,41.0,663.0
1438,,,479.0,571.0,generation_agent_3,1016.0,41.0,household_agent_5,263.0,41.0,834.0
1439,,,532.0,669.0,household_agent_4,1004.0,41.0,household_agent_5,54.0,41.0,723.0
1440,,,533.0,669.0,household_agent_6,1006.0,41.0,household_agent_5,69.0,41.0,738.0
1441,,,534.0,669.0,generation_agent_1,1014.0,41.0,household_agent_5,76.0,41.0,745.0
1442,,,535.0,669.0,generation_agent_3,1016.0,41.0,household_agent_5,248.0,123.0,917.0
1443,,,588.0,670.0,household_agent_4,1004.0,41.0,household_agent_5,87.0,41.0,757.0
1444,,,589.0,670.0,household_agent_6,1006.0,41.0,household_agent_5,101.0,41.0,771.0
1445,,,590.0,670.0,generation_agent_1,1014.0,41.0,household_agent_5,110.0,41.0,780.0
1446,,,644.0,707.0,household_agent_4,1004.0,41.0,household_agent_5,94.0,41.0,801.0
1447,,,645.0,707.0,household_agent_6,1006.0,41.0,household_agent_5,100.0,41.0,807.0
1448,,,646.0,707.0,generation_agent_1,1014.0,41.0,household_agent_5,122.0,41.0,829.0
1449,,,700.0,753.0,household_agent_4,1004.0,41.0,household_agent_5,66.0,41.0,819.0
1450,,,701.0,753.0,household_agent_6,1006.0,41.0,household_agent_5,81.0,41.0,834.0
1451,,,702.0,753.0,generation_agent_1,1014.0,41.0,household_agent_5,125.0,41.0,878.0
1452,,,703.0,753.0,generation_agent_3,1016.0,41.0,household_agent_5,176.0,41.0,929.0
1453,,,756.0,843.0,household_agent_4,1004.0,41.0,household_agent_5,46.0,41.0,889.0
1454,,,757.0,843.0,household_agent_6,1006.0,41.0,household_agent_5,52.0,41.0,895.0
1455,,,758.0,843.0,generation_agent_1,1014.0,41.0,household_agent_5,63.0,41.0,906.0
1456,,,759.0,843.0,generation_agent_3,1016.0,41.0,household_agent_5,135.0,41.0,978.0
1457,,,812.0,943.0,household_agent_4,1004.0,41.0,household_agent_5,48.0,41.0,991.0
1458,,,813.0,943.0,household_agent_6,1006.0,41.0,household_agent_5,51.0,41.0,994.0
1459,,,814.0,943.0,generation_agent_1,1014.0,41.0,household_agent_5,65.0,41.0,1008.0
1460,,,815.0,943.0,generation_agent_3,1016.0,41.0,household_agent_5,296.0,41.0,1239.0
1461,,,868.0,986.0,household_agent_4,1004.0,41.0,household_agent_5,47.0,41.0,1033.0
1462,,,869.0,986.0,household_agent_6,1006.0,41.0,household_agent_5,58.0,41.0,1044.0
1463,,,870.0,986.0,generation_agent_1,1014.0,41.0,household_agent_5,131.0,41.0,1117.0
1464,,,871.0,986.0,generation_agent_3,1016.0,41.0,household_agent_5,269.0,123.0,1255.0
1465,,,924.0,1026.0,household_agent_4,1004.0,41.0,household_agent_5,74.0,41.0,1100.0
1466,,,925.0,1026.0,household_agent_6,1006.0,41.0,household_agent_5,79.0,41.0,1105.0
1467,,,926.0,1026.0,generation_agent_1,1014.0,41.0,household_agent_5,95.0,41.0,1121.0
1468,,,980.0,1044.0,household_agent_4,1004.0,41.0,household_agent_5,88.0,41.0,1132.0
1469,,,981.0,1044.0,household_agent_6,1006.0,41.0,household_agent_5,105.0,41.0,1149.0
1470,,,982.0,1044.0,generation_agent_1,1014.0,41.0,household_agent_5,132.0,41.0,1176.0
1471,,,1036.0,1104.0,household_agent_4,1004.0,41.0,household_agent_5,47.0,41.0,1151.0
1472,,,1037.0,1104.0,household_agent_6,1006.0,41.0,household_agent_5,61.0,41.0,1165.0
1473,,,1038.0,1104.0,generation_agent_1,1014.0,41.0,household_agent_5,80.0,41.0,1184.0
1474,,,1039.0,1104.0,generation_agent_3,1016.0,41.0,household_agent_5,255.0,41.0,1359.0
1475,,,1092.0,1148.0,household_agent_4,1004.0,41.0,household_agent_5,55.0,41.0,1203.0
1476,,,1093.0,1148.0,household_agent_6,1006.0,41.0,household_agent_5,61.0,41.0,1209.0
1477,,,1094.0,1148.0,generation_agent_1,1014.0,41.0,household_agent_5,86.0,41.0,1234.0
1478,,,1095.0,1148.0,generation_agent_3,1016.0,41.0,household_agent_5,211.0,82.0,1359.0
1479,,,1148.0,1205.0,household_agent_4,1004.0,41.0,household_agent_5,63.0,41.0,1268.0
1480,,,1149.0,1205.0,household_agent_6,1006.0,41.0,household_agent_5,72.0,41.0,1277.0
1481,,,1150.0,1205.0,generation_agent_1,1014.0,41.0,household_agent_5,83.0,41.0,1288.0
1482,,,1204.0,1211.0,household_agent_4,1004.0,41.0,household_agent_5,81.0,41.0,1292.0
1483,,,1205.0,1211.0,household_agent_6,1006.0,41.0,household_agent_5,125.0,41.0,1336.0
1484,,,1206.0,1211.0,generation_agent_1,1014.0,41.0,household_agent_5,106.0,41.0,1317.0
1485,,,1207.0,1211.0,generation_agent_3,1016.0,41.0,household_agent_5,231.0,41.0,1442.0
1486,,,1260.0,1286.0,household_agent_4,1004.0,41.0,household_agent_5,44.0,41.0,1330.0
1487,,,1261.0,1286.0,household_agent_6,1006.0,41.0,household_agent_5,52.0,41.0,1338.0
1488,,,1262.0,1286.0,generation_agent_1,1014.0,41.0,household_agent_5,67.0,41.0,1353.0
1489,,,1263.0,1286.0,generation_agent_3,1016.0,41.0,household_agent_5,156.0,41.0,1442.0
1490,,,1316.0,1357.0,household_agent_4,1004.0,41.0,household_agent_5,40.0,41.0,1397.0
1491,,,1317.0,1357.0,household_agent_6,1006.0,41.0,household_agent_5,51.0,41.0,1408.0
1492,,,1318.0,1357.0,generation_agent_1,1014.0,41.0,household_agent_5,73.0,41.0,1430.0
1493,,,1319.0,1357.0,generation_agent_3,1016.0,41.0,household_agent_5,176.0,41.0,1533.0
1494,,,1372.0,1406.0,household_agent_4,1004.0,41.0,household_agent_5,47.0,41.0,1453.0
1495,,,1373.0,1406.0,household_agent_6,1006.0,41.0,household_agent_5,58.0,41.0,1464.0
1496,,,1374.0,1406.0,generation_agent_1,1014.0,41.0,household_agent_5,69.0,41.0,1475.0
1497,,,1375.0,1406.0,generation_agent_3,1016.0,41.0,household_agent_5,149.0,41.0,1555.0
1498,,,1428.0,1470.0,household_agent_4,1004.0,41.0,household_agent_5,42.0,41.0,1512.0
1499,,,1429.0,1470.0,household_agent_6,1006.0,41.0,household_agent_5,58.0,41.0,1528.0
1500,,,1430.0,1470.0,generation_agent_1,1014.0,41.0,household_agent_5,52.0,41.0,1522.0
1501,,,1431.0,1470.0,generation_agent_3,1016.0,41.0,household_agent_5,163.0,41.0,1633.0
1502,,,1484.0,1570.0,household_agent_4,1004.0,41.0,household_agent_5,41.0,41.0,1611.0
1503,,,1485.0,1570.0,household_agent_6,1006.0,41.0,household_agent_5,52.0,41.0,1622.0
1504,,,1486.0,1570.0,generation_agent_1,1014.0,41.0,household_agent_5,57.0,41.0,1627.0
1505,,,1487.0,1570.0,generation_agent_3,1016.0,41.0,household_agent_5,74.0,41.0,1644.0
1506,,,1540.0,1621.0,household_agent_4,1004.0,41.0,household_agent_5,44.0,41.0,1665.0
1507,,,1541.0,1621.0,household_agent_6,1006.0,41.0,household_agent_5,54.0,41.0,1675.0
1508,,,1542.0,1621.0,generation_agent_1,1014.0,41.0,household_agent_5,64.0,41.0,1685.0
1509,,,1543.0,1621.0,generation_agent_3,1016.0,41.0,household_agent_5,80.0,41.0,1701.0
1510,,,1596.0,1704.0,household_agent_4,1004.0,41.0,household_agent_5,48.0,41.0,1752.0
1511,,,1597.0,1704.0,household_agent_6,1006.0,41.0,household_agent_5,64.0,41.0,1768.0
1512,,,1598.0,1704.0,generation_agent_1,1014.0,41.0,household_agent_5,161.0,41.0,1865.0
1513,,,1599.0,1704.0,generation_agent_3,1016.0,41.0,household_agent_5,171.0,41.0,1875.0
1514,,,1652.0,1744.0,household_agent_4,1004.0,41.0,household_agent_5,52.0,41.0,1796.0
1515,,,1653.0,1744.0,household_agent_6,1006.0,41.0,household_agent_5,108.0,123.0,1852.0
1516,,,1654.0,1744.0,generation_agent_1,1014.0,41.0,household_agent_5,167.0,123.0,1911.0
1517,,,1655.0,1744.0,generation_agent_3,1016.0,41.0,household_agent_5,428.0,164.0,2172.0
1518,,,1708.0,1747.0,household_agent_4,1004.0,41.0,household_agent_5,92.0,41.0,1839.0
1519,,,1764.0,1787.0,household_agent_4,1004.0,41.0,household_agent_5,52.0,41.0,1839.0
1520,,,1820.0,1789.0,household_agent_4,1004.0,41.0,household_agent_5,86.0,41.0,1875.0
1521,,,1821.0,1789.0,household_agent_6,1006.0,41.0,household_agent_5,86.0,41.0,1875.0
1522,,,1822.0,1789.0,generation_agent_1,1014.0,41.0,household_agent_5,161.0,41.0,1950.0
1523,,,1876.0,1873.0,household_agent_4,1004.0,41.0,household_agent_5,60.0,41.0,1933.0
1524,,,1877.0,1873.0,household_agent_6,1006.0,41.0,household_agent_5,74.0,41.0,1947.0
1525,,,1878.0,1873.0,generation_agent_1,1014.0,41.0,household_agent_5,82.0,41.0,1955.0
1526,,,1879.0,1873.0,generation_agent_3,1016.0,41.0,household_agent_5,365.0,82.0,2238.0
1527,,,1932.0,1881.0,household_agent_4,1004.0,41.0,household_agent_5,84.0,41.0,1965.0
1528,,,1933.0,1881.0,household_agent_6,1006.0,41.0,household_agent_5,123.0,41.0,2004.0
1529,,,1934.0,1881.0,generation_agent_1,1014.0,41.0,household_agent_5,147.0,41.0,2028.0
1530,,,1988.0,1979.0,household_agent_4,1004.0,41.0,household_agent_5,39.0,41.0,2018.0
1531,,,1989.0,1979.0,household_agent_6,1006.0,41.0,household_agent_5,87.0,41.0,2066.0
1532,,,1990.0,1979.0,generation_agent_1,1014.0,41.0,household_agent_5,126.0,41.0,2105.0
1533,,,1991.0,1979.0,generation_agent_3,1016.0,41.0,household_agent_5,382.0,123.0,2361.0
1534,,,2044.0,2009.0,household_agent_4,1004.0,41.0,household_agent_5,75.0,41.0,2084.0
1535,,,2045.0,2009.0,household_agent_6,1006.0,41.0,household_agent_5,80.0,41.0,2089.0
1536,,,2046.0,2009.0,generation_agent_1,1014.0,41.0,household_agent_5,143.0,41.0,2152.0
1537,,,2100.0,2030.0,household_agent_4,1004.0,41.0,household_agent_5,103.0,41.0,2133.0
1538,,,2101.0,2030.0,household_agent_6,1006.0,41.0,household_agent_5,86.0,41.0,2116.0
1539,,,2102.0,2030.0,generation_agent_1,1014.0,41.0,household_agent_5,131.0,41.0,2161.0
1540,,,2156.0,2090.0,household_agent_4,1004.0,41.0,household_agent_5,50.0,41.0,2140.0
1541,,,2157.0,2090.0,household_agent_6,1006.0,41.0,household_agent_5,55.0,41.0,2145.0
1542,,,2158.0,2090.0,generation_agent_1,1014.0,41.0,household_agent_5,132.0,41.0,2222.0
1543,,,2159.0,2090.0,generation_agent_3,1016.0,41.0,household_agent_5,428.0,123.0,2518.0
1544,,,2212.0,2162.0,household_agent_4,1004.0,41.0,household_agent_5,44.0,41.0,2206.0
1545,,,2213.0,2162.0,household_agent_6,1006.0,41.0,household_agent_5,55.0,41.0,2217.0
1546,,,2214.0,2162.0,generation_agent_1,1014.0,41.0,household_agent_5,65.0,41.0,2227.0
1547,,,2268.0,2167.0,household_agent_4,1004.0,41.0,household_agent_5,75.0,41.0,2242.0
1548,,,2269.0,2167.0,household_agent_6,1006.0,41.0,household_agent_5,77.0,41.0,2244.0
1549,,,2270.0,2167.0,generation_agent_1,1014.0,41.0,household_agent_5,117.0,41.0,2284.0
1550,,,2324.0,2239.0,household_agent_4,1004.0,41.0,household_agent_5,73.0,82.0,2312.0
1551,,,2325.0,2239.0,household_agent_6,1006.0,41.0,household_agent_5,79.0,41.0,2318.0
1552,,,2326.0,2239.0,generation_agent_1,1014.0,41.0,household_agent_5,99.0,82.0,2338.0
1553,,,2327.0,2239.0,generation_agent_3,1016.0,41.0,household_agent_5,279.0,41.0,2518.0
1554,,,2381.0,2253.0,household_agent_6,1006.0,41.0,household_agent_5,100.0,82.0,2353.0
1555,,,2383.0,2253.0,generation_agent_3,1016.0,41.0,household_agent_5,317.0,123.0,2570.0
1556,,,2436.0,2269.0,household_agent_4,1004.0,41.0,household_agent_5,83.0,41.0,2352.0
1557,,,2438.0,2269.0,generation_agent_1,1014.0,41.0,household_agent_5,139.0,41.0,2408.0
1558,,,2492.0,2336.0,household_agent_4,1004.0,41.0,household_agent_5,65.0,41.0,2401.0
1559,,,2493.0,2336.0,household_agent_6,1006.0,41.0,household_agent_5,98.0,41.0,2434.0
1560,,,2494.0,2336.0,generation_agent_1,1014.0,41.0,household_agent_5,157.0,41.0,2493.0
1561,,,2548.0,2368.0,household_agent_4,1004.0,41.0,household_agent_5,69.0,41.0,2437.0
1562,,,2549.0,2368.0,household_agent_6,1006.0,41.0,household_agent_5,94.0,41.0,2462.0
1563,,,2550.0,2368.0,generation_agent_1,1014.0,41.0,household_agent_5,128.0,41.0,2496.0
1564,,,2551.0,2368.0,generation_agent_3,1016.0,41.0,household_agent_5,208.0,41.0,2576.0
1565,,,2604.0,2417.0,household_agent_4,1004.0,41.0,household_agent_5,57.0,41.0,2474.0
1566,,,2605.0,2417.0,household_agent_6,1006.0,41.0,household_agent_5,68.0,41.0,2485.0
1567,,,2606.0,2417.0,generation_agent_1,1014.0,41.0,household_agent_5,137.0,41.0,2554.0
1568,,,2607.0,2417.0,generation_agent_3,1016.0,41.0,household_agent_5,221.0,82.0,2638.0
1569,,,2660.0,2489.0,household_agent_4,1004.0,41.0,household_agent_5,43.0,41.0,2532.0
1570,,,2661.0,2489.0,household_agent_6,1006.0,41.0,household_agent_5,55.0,41.0,2544.0
1571,,,2662.0,2489.0,generation_agent_1,1014.0,41.0,household_agent_5,65.0,41.0,2554.0
1572,,,2716.0,2569.0,household_agent_4,1004.0,41.0,household_agent_5,46.0,41.0,2615.0
1573,,,2717.0,2569.0,household_agent_6,1006.0,41.0,household_agent_5,52.0,41.0,2621.0
1574,,,2718.0,2569.0,generation_agent_1,1014.0,41.0,household_agent_5,59.0,41.0,2628.0
1575,,,2719.0,2569.0,generation_agent_3,1016.0,41.0,household_agent_5,69.0,41.0,2638.0
1576,,,2772.0,2640.0,household_agent_4,1004.0,41.0,household_agent_5,53.0,41.0,2693.0
1577,,,2773.0,2640.0,household_agent_6,1006.0,41.0,household_agent_5,68.0,41.0,2708.0
1578,,,2774.0,2640.0,generation_agent_1,1014.0,41.0,household_agent_5,110.0,41.0,2750.0
1579,,,2775.0,2640.0,generation_agent_3,1016.0,41.0,household_agent_5,272.0,82.0,2912.0
1580,,,2828.0,2652.0,household_agent_4,1004.0,41.0,household_agent_5,73.0,41.0,2725.0
1581,,,2829.0,2652.0,household_agent_6,1006.0,41.0,household_agent_5,91.0,41.0,2743.0
1582,,,2830.0,2652.0,generation_agent_1,1014.0,41.0,household_agent_5,125.0,41.0,2777.0
1583,,,2884.0,2699.0,household_agent_4,1004.0,41.0,household_agent_5,40.0,41.0,2739.0
1584,,,2885.0,2699.0,household_agent_6,1006.0,41.0,household_agent_5,62.0,41.0,2761.0
1585,,,2886.0,2699.0,generation_agent_1,1014.0,41.0,household_agent_5,120.0,41.0,2819.0
1586,,,2887.0,2699.0,generation_agent_3,1016.0,41.0,household_agent_5,225.0,41.0,2924.0
1587,,,2940.0,2799.0,household_agent_4,1004.0,41.0,household_agent_5,43.0,41.0,2842.0
1588,,,2941.0,2799.0,household_agent_6,1006.0,41.0,household_agent_5,53.0,41.0,2852.0
1589,,,2942.0,2799.0,generation_agent_1,1014.0,41.0,household_agent_5,110.0,41.0,2909.0
1590,,,2943.0,2799.0,generation_agent_3,1016.0,41.0,household_agent_5,169.0,82.0,2968.0
1591,,,2996.0,2839.0,household_agent_4,1004.0,41.0,household_agent_5,46.0,41.0,2885.0
1592,,,2997.0,2839.0,household_agent_6,1006.0,41.0,household_agent_5,57.0,41.0,2896.0
1593,,,2998.0,2839.0,generation_agent_1,1014.0,41.0,household_agent_5,112.0,41.0,2951.0
1594,,,3052.0,2873.0,household_agent_4,1004.0,41.0,household_agent_5,45.0,41.0,2918.0
1595,,,3053.0,2873.0,household_agent_6,1006.0,41.0,household_agent_5,74.0,41.0,2947.0
1596,,,3054.0,2873.0,generation_agent_1,1014.0,41.0,household_agent_5,118.0,41.0,2991.0
1597,,,3055.0,2873.0,generation_agent_3,1016.0,41.0,household_agent_5,213.0,41.0,3086.0
1598,,,3108.0,2968.0,household_agent_4,1004.0,41.0,household_agent_5,46.0,41.0,3014.0
1599,,,3109.0,2968.0,household_agent_6,1006.0,41.0,household_agent_5,58.0,41.0,3026.0
1600,,,3110.0,2968.0,generation_agent_1,1014.0,41.0,household_agent_5,100.0,41.0,3068.0
1601,,,3111.0,2968.0,generation_agent_3,1016.0,41.0,household_agent_5,193.0,41.0,3161.0
1602,,,3164.0,3002.0,household_agent_4,1004.0,41.0,household_agent_5,48.0,41.0,3050.0
1603,,,3165.0,3002.0,household_agent_6,1006.0,41.0,household_agent_5,59.0,41.0,3061.0
1604,,,3166.0,3002.0,generation_agent_1,1014.0,41.0,household_agent_5,120.0,41.0,3122.0
1605,,,3167.0,3002.0,generation_agent_3,1016.0,41.0,household_agent_5,234.0,82.0,3236.0
1606,,,3220.0,3045.0,household_agent_4,1004.0,41.0,household_agent_5,48.0,41.0,3093.0
1607,,,3221.0,3045.0,household_agent_6,1006.0,41.0,household_agent_5,55.0,41.0,3100.0
1608,,,3222.0,3045.0,generation_agent_1,1014.0,41.0,household_agent_5,79.0,41.0,3124.0
1609,,,3276.0,3096.0,household_agent_4,1004.0,41.0,household_agent_5,49.0,41.0,3145.0
1610,,,3277.0,3096.0,household_agent_6,1006.0,41.0,household_agent_5,54.0,41.0,3150.0
1611,,,3278.0,3096.0,generation_agent_1,1014.0,41.0,household_agent_5,60.0,41.0,3156.0
1612,,,3279.0,3096.0,generation_agent_3,1016.0,41.0,household_agent_5,213.0,82.0,3309.0
1613,,,3332.0,3161.0,household_agent_4,1004.0,41.0,household_agent_5,44.0,41.0,3205.0
1614,,,3333.0,3161.0,household_agent_6,1006.0,41.0,household_agent_5,90.0,41.0,3251.0
1615,,,3334.0,3161.0,generation_agent_1,1014.0,41.0,household_agent_5,96.0,41.0,3257.0
1616,,,3388.0,3188.0,household_agent_4,1004.0,41.0,household_agent_5,58.0,41.0,3246.0
1617,,,3389.0,3188.0,household_agent_6,1006.0,41.0,household_agent_5,92.0,41.0,3280.0
1618,,,3390.0,3188.0,generation_agent_1,1014.0,41.0,household_agent_5,113.0,41.0,3301.0
1619,,,3391.0,3188.0,generation_agent_3,1016.0,41.0,household_agent_5,200.0,41.0,3388.0
1620,,,3444.0,3275.0,household_agent_4,1004.0,41.0,household_agent_5,48.0,41.0,3323.0
1621,,,3445.0,3275.0,household_agent_6,1006.0,41.0,household_agent_5,55.0,41.0,3330.0
1622,,,3446.0,3275.0,generation_agent_1,1014.0,41.0,household_agent_5,78.0,41.0,3353.0
1623,,,3447.0,3275.0,generation_agent_3,1016.0,41.0,household_agent_5,160.0,41.0,3435.0
1624,,,3500.0,3345.0,household_agent_4,1004.0,41.0,household_agent_5,57.0,41.0,3402.0
1625,,,3501.0,3345.0,household_agent_6,1006.0,41.0,household_agent_5,52.0,41.0,3397.0
1626,,,3502.0,3345.0,generation_agent_1,1014.0,41.0,household_agent_5,68.0,41.0,3413.0
1627,,,3503.0,3345.0,generation_agent_3,1016.0,41.0,household_agent_5,156.0,41.0,3501.0
1628,,,3556.0,3353.0,household_agent_4,1004.0,41.0,household_agent_5,78.0,41.0,3431.0
1629,,,3557.0,3353.0,household_agent_6,1006.0,41.0,household_agent_5,71.0,41.0,3424.0
1630,,,3558.0,3353.0,generation_agent_1,1014.0,41.0,household_agent_5,105.0,41.0,3458.0
1631,,,3559.0,3353.0,generation_agent_3,1016.0,41.0,household_agent_5,175.0,41.0,3528.0
1632,,,3612.0,3433.0,household_agent_4,1004.0,41.0,household_agent_5,46.0,41.0,3479.0
1633,,,3613.0,3433.0,household_agent_6,1006.0,41.0,household_agent_5,52.0,41.0,3485.0
1634,,,3614.0,3433.0,generation_agent_1,1014.0,41.0,household_agent_5,63.0,41.0,3496.0
1635,,,3615.0,3433.0,generation_agent_3,1016.0,41.0,household_agent_5,173.0,41.0,3606.0
1636,,,3668.0,3526.0,household_agent_4,1004.0,41.0,household_agent_5,47.0,41.0,3573.0
1637,,,3669.0,3526.0,household_agent_6,1006.0,41.0,household_agent_5,61.0,41.0,3587.0
1638,,,3670.0,3526.0,generation_agent_1,1014.0,41.0,household_agent_5,69.0,41.0,3595.0
1639,,,3671.0,3526.0,generation_agent_3,1016.0,41.0,household_agent_5,80.0,41.0,3606.0
1640,,,3724.0,3617.0,household_agent_4,1004.0,41.0,household_agent_5,40.0,41.0,3657.0
1641,,,3725.0,3617.0,household_agent_6,1006.0,41.0,household_agent_5,51.0,41.0,3668.0
1642,,,3726.0,3617.0,generation_agent_1,1014.0,41.0,household_agent_5,62.0,41.0,3679.0
1643,,,3727.0,3617.0,generation_agent_3,1016.0,41.0,household_agent_5,95.0,41.0,3712.0
1644,,,3780.0,3676.0,household_agent_4,1004.0,41.0,household_agent_5,74.0,41.0,3750.0
1645,,,3781.0,3676.0,household_agent_6,1006.0,41.0,household_agent_5,79.0,41.0,3755.0
1646,,,3782.0,3676.0,generation_agent_1,1014.0,41.0,household_agent_5,95.0,41.0,3771.0
1647,,,3783.0,3676.0,generation_agent_3,1016.0,41.0,household_agent_5,171.0,41.0,3847.0
1648,,,3836.0,3709.0,household_agent_4,1004.0,41.0,household_agent_5,79.0,41.0,3788.0
1649,,,3837.0,3709.0,household_agent_6,1006.0,41.0,household_agent_5,68.0,41.0,3777.0
1650,,,3838.0,3709.0,generation_agent_1,1014.0,41.0,household_agent_5,108.0,41.0,3817.0
1651,,,3839.0,3709.0,generation_agent_3,1016.0,41.0,household_agent_5,176.0,41.0,3885.0
1652,,,3892.0,3765.0,household_agent_4,1004.0,41.0,household_agent_5,40.0,41.0,3805.0
1653,,,3893.0,3765.0,household_agent_6,1006.0,41.0,household_agent_5,45.0,41.0,3810.0
1654,,,3894.0,3765.0,generation_agent_1,1014.0,41.0,household_agent_5,63.0,41.0,3828.0
1655,,,3895.0,3765.0,generation_agent_3,1016.0,41.0,household_agent_5,163.0,41.0,3928.0
1656,,,3948.0,3849.0,household_agent_4,1004.0,41.0,household_agent_5,46.0,41.0,3895.0
1657,,,3949.0,3849.0,household_agent_6,1006.0,41.0,household_agent_5,52.0,41.0,3901.0
1658,,,3950.0,3849.0,generation_agent_1,1014.0,41.0,household_agent_5,68.0,41.0,3917.0
1659,,,3951.0,3849.0,generation_agent_3,1016.0,41.0,household_agent_5,120.0,41.0,3969.0
1660,,,4004.0,3945.0,household_agent_4,1004.0,41.0,household_agent_5,41.0,41.0,3986.0
1661,,,4005.0,3945.0,household_agent_6,1006.0,41.0,household_agent_5,57.0,41.0,4002.0
1662,,,4006.0,3945.0,generation_agent_1,1014.0,41.0,household_agent_5,69.0,41.0,4014.0
1663,,,4007.0,3945.0,generation_agent_3,1016.0,41.0,household_agent_5,91.0,41.0,4036.0
1664,,,4060.0,4033.0,household_agent_4,1004.0,41.0,household_agent_5,46.0,41.0,4079.0
1665,,,4061.0,4033.0,household_agent_6,1006.0,41.0,household_agent_5,57.0,41.0,4090.0
1666,,,4062.0,4033.0,generation_agent_1,1014.0,41.0,household_agent_5,67.0,41.0,4100.0
1667,,,4063.0,4033.0,generation_agent_3,1016.0,41.0,household_agent_5,83.0,41.0,4116.0
1668,,,4116.0,4118.0,household_agent_4,1004.0,41.0,household_agent_5,48.0,41.0,4166.0
1669,,,4117.0,4118.0,household_agent_6,1006.0,41.0,household_agent_5,88.0,41.0,4206.0
1670,,,4118.0,4118.0,generation_agent_1,1014.0,41.0,household_agent_5,64.0,41.0,4182.0
1671,,,4119.0,4118.0,generation_agent_3,1016.0,41.0,household_agent_5,320.0,41.0,4438.0
1672,,,4172.0,4153.0,household_agent_4,1004.0,41.0,household_agent_5,59.0,41.0,4212.0
1673,,,4173.0,4153.0,household_agent_6,1006.0,41.0,household_agent_5,70.0,41.0,4223.0
1674,,,4174.0,4153.0,generation_agent_1,1014.0,41.0,household_agent_5,115.0,41.0,4268.0
1675,,,4175.0,4153.0,generation_agent_3,1016.0,41.0,household_agent_5,347.0,41.0,4500.0
1676,,,4228.0,4175.0,household_agent_4,1004.0,41.0,household_agent_5,64.0,41.0,4239.0
1677,,,4229.0,4175.0,household_agent_6,1006.0,41.0,household_agent_5,76.0,41.0,4251.0
1678,,,4230.0,4175.0,generation_agent_1,1014.0,41.0,household_agent_5,155.0,41.0,4330.0
1679,,,4231.0,4175.0,generation_agent_3,1016.0,41.0,household_agent_5,325.0,41.0,4500.0
1680,,,4284.0,4245.0,household_agent_4,1004.0,41.0,household_agent_5,55.0,41.0,4300.0
1681,,,4285.0,4245.0,household_agent_6,1006.0,41.0,household_agent_5,113.0,82.0,4358.0
1682,,,4286.0,4245.0,generation_agent_1,1014.0,41.0,household_agent_5,164.0,41.0,4409.0
1683,,,4287.0,4245.0,generation_agent_3,1016.0,41.0,household_agent_5,320.0,205.0,4565.0
1684,,,4340.0,4262.0,household_agent_4,1004.0,41.0,household_agent_5,63.0,41.0,4325.0
1685,,,4342.0,4262.0,generation_agent_1,1014.0,41.0,household_agent_5,152.0,82.0,4414.0
1686,,,4396.0,4279.0,household_agent_4,1004.0,41.0,household_agent_5,71.0,41.0,4350.0
1687,,,4397.0,4279.0,household_agent_6,1006.0,41.0,household_agent_5,115.0,41.0,4394.0
1688,,,4452.0,4333.0,household_agent_4,1004.0,41.0,household_agent_5,91.0,41.0,4424.0
1689,,,4453.0,4333.0,household_agent_6,1006.0,41.0,household_agent_5,87.0,41.0,4420.0
1690,,,4454.0,4333.0,generation_agent_1,1014.0,41.0,household_agent_5,122.0,41.0,4455.0
1691,,,4508.0,4366.0,household_agent_4,1004.0,41.0,household_agent_5,86.0,41.0,4452.0
1692,,,4509.0,4366.0,household_agent_6,1006.0,41.0,household_agent_5,91.0,41.0,4457.0
1693,,,4510.0,4366.0,generation_agent_1,1014.0,41.0,household_agent_5,124.0,41.0,4490.0
1694,,,4564.0,4416.0,household_agent_4,1004.0,41.0,household_agent_5,50.0,41.0,4466.0
1695,,,4565.0,4416.0,household_agent_6,1006.0,41.0,household_agent_5,58.0,41.0,4474.0
1696,,,4566.0,4416.0,generation_agent_1,1014.0,41.0,household_agent_5,139.0,41.0,4555.0
1697,,,4567.0,4416.0,generation_agent_3,1016.0,41.0,household_agent_5,192.0,41.0,4608.0
1698,,,4620.0,4488.0,household_agent_4,1004.0,41.0,household_agent_5,51.0,41.0,4539.0
1699,,,4621.0,4488.0,household_agent_6,1006.0,41.0,household_agent_5,56.0,41.0,4544.0
1700,,,4622.0,4488.0,generation_agent_1,1014.0,41.0,household_agent_5,82.0,41.0,4570.0
1701,,,4623.0,4488.0,generation_agent_3,1016.0,41.0,household_agent_5,129.0,41.0,4617.0
1702,,,4676.0,4494.0,household_agent_4,1004.0,41.0,household_agent_5,73.0,41.0,4567.0
1703,,,4677.0,4494.0,household_agent_6,1006.0,41.0,household_agent_5,82.0,41.0,4576.0
1704,,,4678.0,4494.0,generation_agent_1,1014.0,41.0,household_agent_5,101.0,41.0,4595.0
1705,,,4679.0,4494.0,generation_agent_3,1016.0,41.0,household_agent_5,190.0,41.0,4684.0
1706,,,4732.0,4591.0,household_agent_4,1004.0,41.0,household_agent_5,49.0,41.0,4640.0
1707,,,4733.0,4591.0,household_agent_6,1006.0,41.0,household_agent_5,56.0,41.0,4647.0
1708,,,4734.0,4591.0,generation_agent_1,1014.0,41.0,household_agent_5,38.0,41.0,4629.0
1709,,,4735.0,4591.0,generation_agent_3,1016.0,41.0,household_agent_5,129.0,41.0,4720.0
1710,,,4788.0,4647.0,household_agent_4,1004.0,41.0,household_agent_5,51.0,41.0,4698.0
1711,,,4789.0,4647.0,household_agent_6,1006.0,41.0,household_agent_5,56.0,41.0,4703.0
1712,,,4790.0,4647.0,generation_agent_1,1014.0,41.0,household_agent_5,62.0,41.0,4709.0
1713,,,4791.0,4647.0,generation_agent_3,1016.0,41.0,household_agent_5,212.0,41.0,4859.0
1714,,,4844.0,4714.0,household_agent_4,1004.0,41.0,household_agent_5,52.0,41.0,4766.0
1715,,,4845.0,4714.0,household_agent_6,1006.0,41.0,household_agent_5,63.0,41.0,4777.0
1716,,,4846.0,4714.0,generation_agent_1,1014.0,41.0,household_agent_5,75.0,41.0,4789.0
1717,,,4847.0,4714.0,generation_agent_3,1016.0,41.0,household_agent_5,162.0,41.0,4876.0
1718,,,4900.0,4718.0,household_agent_4,1004.0,41.0,household_agent_5,81.0,41.0,4799.0
1719,,,4901.0,4718.0,household_agent_6,1006.0,41.0,household_agent_5,101.0,41.0,4819.0
1720,,,4902.0,4718.0,generation_agent_1,1014.0,41.0,household_agent_5,125.0,41.0,4843.0
1721,,,4903.0,4718.0,generation_agent_3,1016.0,41.0,household_agent_5,192.0,41.0,4910.0
1722,,,4956.0,4796.0,household_agent_4,1004.0,41.0,household_agent_5,47.0,41.0,4843.0
1723,,,4957.0,4796.0,household_agent_6,1006.0,41.0,household_agent_5,58.0,41.0,4854.0
1724,,,4958.0,4796.0,generation_agent_1,1014.0,41.0,household_agent_5,69.0,41.0,4865.0
1725,,,4959.0,4796.0,generation_agent_3,1016.0,41.0,household_agent_5,179.0,41.0,4975.0
1726,,,5012.0,4885.0,household_agent_4,1004.0,41.0,household_agent_5,41.0,41.0,4926.0
1727,,,5013.0,4885.0,household_agent_6,1006.0,41.0,household_agent_5,52.0,41.0,4937.0
1728,,,5014.0,4885.0,generation_agent_1,1014.0,41.0,household_agent_5,57.0,41.0,4942.0
1729,,,5015.0,4885.0,generation_agent_3,1016.0,41.0,household_agent_5,151.0,41.0,5036.0
1730,,,5068.0,4945.0,household_agent_4,1004.0,41.0,household_agent_5,49.0,41.0,4994.0
1731,,,5069.0,4945.0,household_agent_6,1006.0,41.0,household_agent_5,68.0,41.0,5013.0
1732,,,5070.0,4945.0,generation_agent_1,1014.0,41.0,household_agent_5,76.0,41.0,5021.0
1733,,,5071.0,4945.0,generation_agent_3,1016.0,41.0,household_agent_5,172.0,41.0,5117.0
1734,,,5124.0,5015.0,household_agent_4,1004.0,41.0,household_agent_5,79.0,41.0,5094.0
1735,,,5125.0,5015.0,household_agent_6,1006.0,41.0,household_agent_5,84.0,41.0,5099.0
1736,,,5126.0,5015.0,generation_agent_1,1014.0,41.0,household_agent_5,74.0,41.0,5089.0
1737,,,5127.0,5015.0,generation_agent_3,1016.0,41.0,household_agent_5,158.0,82.0,5173.0
1738,,,5180.0,5034.0,household_agent_4,1004.0,41.0,household_agent_5,95.0,41.0,5129.0
1739,,,5181.0,5034.0,household_agent_6,1006.0,41.0,household_agent_5,95.0,41.0,5129.0
1740,,,5182.0,5034.0,generation_agent_1,1014.0,41.0,household_agent_5,130.0,41.0,5164.0
1741,,,5236.0,5092.0,household_agent_4,1004.0,41.0,household_agent_5,48.0,41.0,5140.0
1742,,,5237.0,5092.0,household_agent_6,1006.0,41.0,household_agent_5,61.0,41.0,5153.0
1743,,,5238.0,5092.0,generation_agent_1,1014.0,41.0,household_agent_5,75.0,41.0,5167.0
1744,,,5239.0,5092.0,generation_agent_3,1016.0,41.0,household_agent_5,115.0,41.0,5207.0
1745,,,24.0,127.0,household_agent_2,1002.0,41.0,household_agent_6,92.0,41.0,219.0
1746,,,25.0,127.0,household_agent_5,1005.0,41.0,household_agent_6,64.0,41.0,191.0
1747,,,26.0,127.0,household_agent_7,1007.0,41.0,household_agent_6,69.0,41.0,196.0
1748,,,27.0,127.0,generation_agent_1,1014.0,41.0,household_agent_6,80.0,41.0,207.0
1749,,,80.0,205.0,household_agent_2,1002.0,41.0,household_agent_6,174.0,82.0,379.0
1750,,,81.0,205.0,household_agent_5,1005.0,41.0,household_agent_6,59.0,41.0,264.0
1751,,,82.0,205.0,household_agent_7,1007.0,41.0,household_agent_6,75.0,41.0,280.0
1752,,,83.0,205.0,generation_agent_1,1014.0,41.0,household_agent_6,185.0,41.0,390.0
1753,,,137.0,253.0,household_agent_5,1005.0,41.0,household_agent_6,55.0,41.0,308.0
1754,,,138.0,253.0,household_agent_7,1007.0,41.0,household_agent_6,77.0,41.0,330.0
1755,,,139.0,253.0,generation_agent_1,1014.0,41.0,household_agent_6,137.0,41.0,390.0
1756,,,192.0,303.0,household_agent_2,1002.0,41.0,household_agent_6,106.0,41.0,409.0
1757,,,193.0,303.0,household_agent_5,1005.0,41.0,household_agent_6,54.0,41.0,357.0
1758,,,194.0,303.0,household_agent_7,1007.0,41.0,household_agent_6,65.0,41.0,368.0
1759,,,195.0,303.0,generation_agent_1,1014.0,41.0,household_agent_6,134.0,41.0,437.0
1760,,,248.0,397.0,household_agent_2,1002.0,41.0,household_agent_6,63.0,41.0,460.0
1761,,,249.0,397.0,household_agent_5,1005.0,41.0,household_agent_6,74.0,41.0,471.0
1762,,,250.0,397.0,household_agent_7,1007.0,41.0,household_agent_6,86.0,41.0,483.0
1763,,,251.0,397.0,generation_agent_1,1014.0,41.0,household_agent_6,145.0,41.0,542.0
1764,,,304.0,455.0,household_agent_2,1002.0,41.0,household_agent_6,97.0,41.0,552.0
1765,,,305.0,455.0,household_agent_5,1005.0,41.0,household_agent_6,71.0,41.0,526.0
1766,,,306.0,455.0,household_agent_7,1007.0,41.0,household_agent_6,82.0,41.0,537.0
1767,,,307.0,455.0,generation_agent_1,1014.0,41.0,household_agent_6,148.0,41.0,603.0
1768,,,360.0,461.0,household_agent_2,1002.0,41.0,household_agent_6,186.0,41.0,647.0
1769,,,361.0,461.0,household_agent_5,1005.0,41.0,household_agent_6,102.0,41.0,563.0
1770,,,362.0,461.0,household_agent_7,1007.0,41.0,household_agent_6,119.0,41.0,580.0
1771,,,363.0,461.0,generation_agent_1,1014.0,41.0,household_agent_6,203.0,41.0,664.0
1772,,,416.0,559.0,household_agent_2,1002.0,41.0,household_agent_6,116.0,41.0,675.0
1773,,,417.0,559.0,household_agent_5,1005.0,41.0,household_agent_6,50.0,41.0,609.0
1774,,,418.0,559.0,household_agent_7,1007.0,41.0,household_agent_6,59.0,41.0,618.0
1775,,,419.0,559.0,generation_agent_1,1014.0,41.0,household_agent_6,116.0,41.0,675.0
1776,,,472.0,571.0,household_agent_2,1002.0,41.0,household_agent_6,269.0,41.0,840.0
1777,,,473.0,571.0,household_agent_5,1005.0,41.0,household_agent_6,68.0,41.0,639.0
1778,,,474.0,571.0,household_agent_7,1007.0,41.0,household_agent_6,88.0,41.0,659.0
1779,,,475.0,571.0,generation_agent_1,1014.0,41.0,household_agent_6,159.0,41.0,730.0
1780,,,528.0,669.0,household_agent_2,1002.0,41.0,household_agent_6,172.0,41.0,841.0
1781,,,529.0,669.0,household_agent_5,1005.0,41.0,household_agent_6,55.0,41.0,724.0
1782,,,530.0,669.0,household_agent_7,1007.0,41.0,household_agent_6,78.0,82.0,747.0
1783,,,531.0,669.0,generation_agent_1,1014.0,41.0,household_agent_6,156.0,82.0,825.0
1784,,,584.0,670.0,household_agent_2,1002.0,41.0,household_agent_6,223.0,123.0,893.0
1785,,,585.0,670.0,household_agent_5,1005.0,41.0,household_agent_6,88.0,41.0,758.0
1786,,,641.0,707.0,household_agent_5,1005.0,41.0,household_agent_6,84.0,41.0,791.0
1787,,,642.0,707.0,household_agent_7,1007.0,41.0,household_agent_6,73.0,41.0,780.0
1788,,,643.0,707.0,generation_agent_1,1014.0,41.0,household_agent_6,144.0,41.0,851.0
1789,,,697.0,753.0,household_agent_5,1005.0,41.0,household_agent_6,52.0,41.0,805.0
1790,,,698.0,753.0,household_agent_7,1007.0,41.0,household_agent_6,60.0,41.0,813.0
1791,,,699.0,753.0,generation_agent_1,1014.0,41.0,household_agent_6,184.0,41.0,937.0
1792,,,752.0,843.0,household_agent_2,1002.0,41.0,household_agent_6,83.0,41.0,926.0
1793,,,753.0,843.0,household_agent_5,1005.0,41.0,household_agent_6,61.0,41.0,904.0
1794,,,754.0,843.0,household_agent_7,1007.0,41.0,household_agent_6,72.0,41.0,915.0
1795,,,755.0,843.0,generation_agent_1,1014.0,41.0,household_agent_6,128.0,41.0,971.0
1796,,,808.0,943.0,household_agent_2,1002.0,41.0,household_agent_6,217.0,41.0,1160.0
1797,,,809.0,943.0,household_agent_5,1005.0,41.0,household_agent_6,56.0,41.0,999.0
1798,,,810.0,943.0,household_agent_7,1007.0,41.0,household_agent_6,66.0,41.0,1009.0
1799,,,811.0,943.0,generation_agent_1,1014.0,41.0,household_agent_6,143.0,41.0,1086.0
1800,,,864.0,986.0,household_agent_2,1002.0,41.0,household_agent_6,188.0,41.0,1174.0
1801,,,865.0,986.0,household_agent_5,1005.0,41.0,household_agent_6,56.0,41.0,1042.0
1802,,,866.0,986.0,household_agent_7,1007.0,41.0,household_agent_6,94.0,41.0,1080.0
1803,,,867.0,986.0,generation_agent_1,1014.0,41.0,household_agent_6,208.0,41.0,1194.0
1804,,,920.0,1026.0,household_agent_2,1002.0,41.0,household_agent_6,200.0,123.0,1226.0
1805,,,921.0,1026.0,household_agent_5,1005.0,41.0,household_agent_6,64.0,41.0,1090.0
1806,,,922.0,1026.0,household_agent_7,1007.0,41.0,household_agent_6,77.0,41.0,1103.0
1807,,,923.0,1026.0,generation_agent_1,1014.0,41.0,household_agent_6,178.0,82.0,1204.0
1808,,,977.0,1044.0,household_agent_5,1005.0,41.0,household_agent_6,84.0,41.0,1128.0
1809,,,978.0,1044.0,household_agent_7,1007.0,41.0,household_agent_6,95.0,41.0,1139.0
1810,,,1033.0,1104.0,household_agent_5,1005.0,41.0,household_agent_6,77.0,41.0,1181.0
1811,,,1034.0,1104.0,household_agent_7,1007.0,41.0,household_agent_6,156.0,41.0,1260.0
1812,,,1035.0,1104.0,generation_agent_1,1014.0,41.0,household_agent_6,163.0,41.0,1267.0
1813,,,1088.0,1148.0,household_agent_2,1002.0,41.0,household_agent_6,154.0,41.0,1302.0
1814,,,1089.0,1148.0,household_agent_5,1005.0,41.0,household_agent_6,90.0,41.0,1238.0
1815,,,1090.0,1148.0,household_agent_7,1007.0,41.0,household_agent_6,176.0,41.0,1324.0
1816,,,1091.0,1148.0,generation_agent_1,1014.0,41.0,household_agent_6,188.0,82.0,1336.0
1817,,,1144.0,1205.0,household_agent_2,1002.0,41.0,household_agent_6,97.0,41.0,1302.0
1818,,,1145.0,1205.0,household_agent_5,1005.0,41.0,household_agent_6,102.0,41.0,1307.0
1819,,,1146.0,1205.0,household_agent_7,1007.0,41.0,household_agent_6,120.0,41.0,1325.0
1820,,,1200.0,1211.0,household_agent_2,1002.0,41.0,household_agent_6,161.0,41.0,1372.0
1821,,,1201.0,1211.0,household_agent_5,1005.0,41.0,household_agent_6,125.0,41.0,1336.0
1822,,,1202.0,1211.0,household_agent_7,1007.0,41.0,household_agent_6,151.0,41.0,1362.0
1823,,,1203.0,1211.0,generation_agent_1,1014.0,41.0,household_agent_6,184.0,41.0,1395.0
1824,,,1256.0,1286.0,household_agent_2,1002.0,41.0,household_agent_6,148.0,41.0,1434.0
1825,,,1257.0,1286.0,household_agent_5,1005.0,41.0,household_agent_6,70.0,41.0,1356.0
1826,,,1258.0,1286.0,household_agent_7,1007.0,41.0,household_agent_6,103.0,41.0,1389.0
1827,,,1259.0,1286.0,generation_agent_1,1014.0,41.0,household_agent_6,115.0,41.0,1401.0
1828,,,1312.0,1357.0,household_agent_2,1002.0,41.0,household_agent_6,172.0,41.0,1529.0
1829,,,1313.0,1357.0,household_agent_5,1005.0,41.0,household_agent_6,81.0,41.0,1438.0
1830,,,1314.0,1357.0,household_agent_7,1007.0,41.0,household_agent_6,121.0,41.0,1478.0
1831,,,1315.0,1357.0,generation_agent_1,1014.0,41.0,household_agent_6,149.0,41.0,1506.0
1832,,,1368.0,1406.0,household_agent_2,1002.0,41.0,household_agent_6,145.0,41.0,1551.0
1833,,,1369.0,1406.0,household_agent_5,1005.0,41.0,household_agent_6,67.0,41.0,1473.0
1834,,,1370.0,1406.0,household_agent_7,1007.0,41.0,household_agent_6,94.0,41.0,1500.0
1835,,,1371.0,1406.0,generation_agent_1,1014.0,41.0,household_agent_6,156.0,41.0,1562.0
1836,,,1424.0,1470.0,household_agent_2,1002.0,41.0,household_agent_6,109.0,41.0,1579.0
1837,,,1425.0,1470.0,household_agent_5,1005.0,41.0,household_agent_6,70.0,41.0,1540.0
1838,,,1426.0,1470.0,household_agent_7,1007.0,41.0,household_agent_6,86.0,41.0,1556.0
1839,,,1427.0,1470.0,generation_agent_1,1014.0,41.0,household_agent_6,92.0,41.0,1562.0
1840,,,1480.0,1570.0,household_agent_2,1002.0,41.0,household_agent_6,118.0,41.0,1688.0
1841,,,1481.0,1570.0,household_agent_5,1005.0,41.0,household_agent_6,59.0,41.0,1629.0
1842,,,1482.0,1570.0,household_agent_7,1007.0,41.0,household_agent_6,60.0,41.0,1630.0
1843,,,1483.0,1570.0,generation_agent_1,1014.0,41.0,household_agent_6,130.0,41.0,1700.0
1844,,,1536.0,1621.0,household_agent_2,1002.0,41.0,household_agent_6,111.0,41.0,1732.0
1845,,,1537.0,1621.0,household_agent_5,1005.0,41.0,household_agent_6,63.0,41.0,1684.0
1846,,,1538.0,1621.0,household_agent_7,1007.0,41.0,household_agent_6,74.0,41.0,1695.0
1847,,,1539.0,1621.0,generation_agent_1,1014.0,41.0,household_agent_6,130.0,41.0,1751.0
1848,,,1592.0,1704.0,household_agent_2,1002.0,41.0,household_agent_6,266.0,41.0,1970.0
1849,,,1593.0,1704.0,household_agent_5,1005.0,41.0,household_agent_6,104.0,41.0,1808.0
1850,,,1594.0,1704.0,household_agent_7,1007.0,41.0,household_agent_6,124.0,41.0,1828.0
1851,,,1595.0,1704.0,generation_agent_1,1014.0,41.0,household_agent_6,153.0,41.0,1857.0
1852,,,1648.0,1744.0,household_agent_2,1002.0,41.0,household_agent_6,227.0,205.0,1971.0
1853,,,1649.0,1744.0,household_agent_5,1005.0,41.0,household_agent_6,90.0,82.0,1834.0
1854,,,1650.0,1744.0,household_agent_7,1007.0,41.0,household_agent_6,107.0,123.0,1851.0
1855,,,1651.0,1744.0,generation_agent_1,1014.0,41.0,household_agent_6,187.0,82.0,1931.0
1856,,,1761.0,1787.0,household_agent_5,1005.0,41.0,household_agent_6,87.0,82.0,1874.0
1857,,,1763.0,1787.0,generation_agent_1,1014.0,41.0,household_agent_6,213.0,123.0,2000.0
1858,,,1818.0,1789.0,household_agent_7,1007.0,41.0,household_agent_6,125.0,41.0,1914.0
1859,,,1873.0,1873.0,household_agent_5,1005.0,41.0,household_agent_6,103.0,41.0,1976.0
1860,,,1874.0,1873.0,household_agent_7,1007.0,41.0,household_agent_6,81.0,41.0,1954.0
1861,,,1928.0,1881.0,household_agent_2,1002.0,41.0,household_agent_6,145.0,41.0,2026.0
1862,,,1929.0,1881.0,household_agent_5,1005.0,41.0,household_agent_6,135.0,41.0,2016.0
1863,,,1930.0,1881.0,household_agent_7,1007.0,41.0,household_agent_6,106.0,41.0,1987.0
1864,,,1931.0,1881.0,generation_agent_1,1014.0,41.0,household_agent_6,194.0,41.0,2075.0
1865,,,1984.0,1979.0,household_agent_2,1002.0,41.0,household_agent_6,261.0,82.0,2240.0
1866,,,1985.0,1979.0,household_agent_5,1005.0,41.0,household_agent_6,91.0,41.0,2070.0
1867,,,1986.0,1979.0,household_agent_7,1007.0,41.0,household_agent_6,59.0,41.0,2038.0
1868,,,1987.0,1979.0,generation_agent_1,1014.0,41.0,household_agent_6,178.0,41.0,2157.0
1869,,,2041.0,2009.0,household_agent_5,1005.0,41.0,household_agent_6,88.0,41.0,2097.0
1870,,,2042.0,2009.0,household_agent_7,1007.0,41.0,household_agent_6,99.0,41.0,2108.0
1871,,,2043.0,2009.0,generation_agent_1,1014.0,41.0,household_agent_6,196.0,82.0,2205.0
1872,,,2096.0,2030.0,household_agent_2,1002.0,41.0,household_agent_6,255.0,41.0,2285.0
1873,,,2097.0,2030.0,household_agent_5,1005.0,41.0,household_agent_6,95.0,41.0,2125.0
1874,,,2098.0,2030.0,household_agent_7,1007.0,41.0,household_agent_6,118.0,41.0,2148.0
1875,,,2152.0,2090.0,household_agent_2,1002.0,41.0,household_agent_6,261.0,41.0,2351.0
1876,,,2153.0,2090.0,household_agent_5,1005.0,41.0,household_agent_6,52.0,41.0,2142.0
1877,,,2154.0,2090.0,household_agent_7,1007.0,41.0,household_agent_6,63.0,41.0,2153.0
1878,,,2155.0,2090.0,generation_agent_1,1014.0,41.0,household_agent_6,155.0,41.0,2245.0
1879,,,2208.0,2162.0,household_agent_2,1002.0,41.0,household_agent_6,315.0,82.0,2477.0
1880,,,2209.0,2162.0,household_agent_5,1005.0,41.0,household_agent_6,61.0,41.0,2223.0
1881,,,2210.0,2162.0,household_agent_7,1007.0,41.0,household_agent_6,69.0,41.0,2231.0
1882,,,2211.0,2162.0,generation_agent_1,1014.0,41.0,household_agent_6,155.0,41.0,2317.0
1883,,,2265.0,2167.0,household_agent_5,1005.0,41.0,household_agent_6,88.0,41.0,2255.0
1884,,,2266.0,2167.0,household_agent_7,1007.0,41.0,household_agent_6,135.0,41.0,2302.0
1885,,,2267.0,2167.0,generation_agent_1,1014.0,41.0,household_agent_6,239.0,41.0,2406.0
1886,,,2320.0,2239.0,household_agent_2,1002.0,41.0,household_agent_6,245.0,41.0,2484.0
1887,,,2321.0,2239.0,household_agent_5,1005.0,41.0,household_agent_6,97.0,82.0,2336.0
1888,,,2322.0,2239.0,household_agent_7,1007.0,41.0,household_agent_6,119.0,82.0,2358.0
1889,,,2323.0,2239.0,generation_agent_1,1014.0,41.0,household_agent_6,300.0,123.0,2539.0
1890,,,2376.0,2253.0,household_agent_2,1002.0,41.0,household_agent_6,275.0,164.0,2528.0
1891,,,2433.0,2269.0,household_agent_5,1005.0,41.0,household_agent_6,104.0,41.0,2373.0
1892,,,2434.0,2269.0,household_agent_7,1007.0,41.0,household_agent_6,126.0,41.0,2395.0
1893,,,2489.0,2336.0,household_agent_5,1005.0,41.0,household_agent_6,86.0,41.0,2422.0
1894,,,2490.0,2336.0,household_agent_7,1007.0,41.0,household_agent_6,97.0,41.0,2433.0
1895,,,2491.0,2336.0,generation_agent_1,1014.0,41.0,household_agent_6,225.0,82.0,2561.0
1896,,,2545.0,2368.0,household_agent_5,1005.0,41.0,household_agent_6,94.0,41.0,2462.0
1897,,,2546.0,2368.0,household_agent_7,1007.0,41.0,household_agent_6,127.0,41.0,2495.0
1898,,,2600.0,2417.0,household_agent_2,1002.0,41.0,household_agent_6,156.0,41.0,2573.0
1899,,,2601.0,2417.0,household_agent_5,1005.0,41.0,household_agent_6,76.0,41.0,2493.0
1900,,,2602.0,2417.0,household_agent_7,1007.0,41.0,household_agent_6,78.0,41.0,2495.0
1901,,,2603.0,2417.0,generation_agent_1,1014.0,41.0,household_agent_6,196.0,41.0,2613.0
1902,,,2656.0,2489.0,household_agent_2,1002.0,41.0,household_agent_6,117.0,41.0,2606.0
1903,,,2657.0,2489.0,household_agent_5,1005.0,41.0,household_agent_6,61.0,41.0,2550.0
1904,,,2658.0,2489.0,household_agent_7,1007.0,41.0,household_agent_6,61.0,41.0,2550.0
1905,,,2659.0,2489.0,generation_agent_1,1014.0,41.0,household_agent_6,156.0,41.0,2645.0
1906,,,2712.0,2569.0,household_agent_2,1002.0,41.0,household_agent_6,61.0,41.0,2630.0
1907,,,2713.0,2569.0,household_agent_5,1005.0,41.0,household_agent_6,60.0,41.0,2629.0
1908,,,2714.0,2569.0,household_agent_7,1007.0,41.0,household_agent_6,65.0,41.0,2634.0
1909,,,2715.0,2569.0,generation_agent_1,1014.0,41.0,household_agent_6,162.0,41.0,2731.0
1910,,,2768.0,2640.0,household_agent_2,1002.0,41.0,household_agent_6,114.0,82.0,2754.0
1911,,,2769.0,2640.0,household_agent_5,1005.0,41.0,household_agent_6,58.0,41.0,2698.0
1912,,,2770.0,2640.0,household_agent_7,1007.0,41.0,household_agent_6,82.0,41.0,2722.0
1913,,,2771.0,2640.0,generation_agent_1,1014.0,41.0,household_agent_6,166.0,82.0,2806.0
1914,,,2825.0,2652.0,household_agent_5,1005.0,41.0,household_agent_6,79.0,41.0,2731.0
1915,,,2826.0,2652.0,household_agent_7,1007.0,41.0,household_agent_6,84.0,41.0,2736.0
1916,,,2880.0,2699.0,household_agent_2,1002.0,41.0,household_agent_6,101.0,41.0,2800.0
1917,,,2881.0,2699.0,household_agent_5,1005.0,41.0,household_agent_6,43.0,41.0,2742.0
1918,,,2882.0,2699.0,household_agent_7,1007.0,41.0,household_agent_6,70.0,41.0,2769.0
1919,,,2883.0,2699.0,generation_agent_1,1014.0,41.0,household_agent_6,181.0,41.0,2880.0
1920,,,2936.0,2799.0,household_agent_2,1002.0,41.0,household_agent_6,120.0,82.0,2919.0
1921,,,2937.0,2799.0,household_agent_5,1005.0,41.0,household_agent_6,63.0,41.0,2862.0
1922,,,2938.0,2799.0,household_agent_7,1007.0,41.0,household_agent_6,66.0,41.0,2865.0
1923,,,2939.0,2799.0,generation_agent_1,1014.0,41.0,household_agent_6,137.0,41.0,2936.0
1924,,,2993.0,2839.0,household_agent_5,1005.0,41.0,household_agent_6,87.0,41.0,2926.0
1925,,,2994.0,2839.0,household_agent_7,1007.0,41.0,household_agent_6,91.0,41.0,2930.0
1926,,,2995.0,2839.0,generation_agent_1,1014.0,41.0,household_agent_6,109.0,41.0,2948.0
1927,,,3048.0,2873.0,household_agent_2,1002.0,41.0,household_agent_6,92.0,41.0,2965.0
1928,,,3049.0,2873.0,household_agent_5,1005.0,41.0,household_agent_6,92.0,41.0,2965.0
1929,,,3050.0,2873.0,household_agent_7,1007.0,41.0,household_agent_6,103.0,41.0,2976.0
1930,,,3051.0,2873.0,generation_agent_1,1014.0,41.0,household_agent_6,131.0,41.0,3004.0
1931,,,3104.0,2968.0,household_agent_2,1002.0,41.0,household_agent_6,222.0,41.0,3190.0
1932,,,3105.0,2968.0,household_agent_5,1005.0,41.0,household_agent_6,80.0,41.0,3048.0
1933,,,3106.0,2968.0,household_agent_7,1007.0,41.0,household_agent_6,88.0,41.0,3056.0
1934,,,3107.0,2968.0,generation_agent_1,1014.0,41.0,household_agent_6,168.0,41.0,3136.0
1935,,,3160.0,3002.0,household_agent_2,1002.0,41.0,household_agent_6,242.0,123.0,3244.0
1936,,,3161.0,3002.0,household_agent_5,1005.0,41.0,household_agent_6,87.0,41.0,3089.0
1937,,,3162.0,3002.0,household_agent_7,1007.0,41.0,household_agent_6,92.0,41.0,3094.0
1938,,,3163.0,3002.0,generation_agent_1,1014.0,41.0,household_agent_6,198.0,41.0,3200.0
1939,,,3217.0,3045.0,household_agent_5,1005.0,41.0,household_agent_6,59.0,41.0,3104.0
1940,,,3218.0,3045.0,household_agent_7,1007.0,41.0,household_agent_6,74.0,41.0,3119.0
1941,,,3219.0,3045.0,generation_agent_1,1014.0,41.0,household_agent_6,166.0,41.0,3211.0
1942,,,3273.0,3096.0,household_agent_5,1005.0,41.0,household_agent_6,59.0,41.0,3155.0
1943,,,3274.0,3096.0,household_agent_7,1007.0,41.0,household_agent_6,70.0,41.0,3166.0
1944,,,3275.0,3096.0,generation_agent_1,1014.0,41.0,household_agent_6,171.0,41.0,3267.0
1945,,,3328.0,3161.0,household_agent_2,1002.0,41.0,household_agent_6,111.0,41.0,3272.0
1946,,,3329.0,3161.0,household_agent_5,1005.0,41.0,household_agent_6,87.0,41.0,3248.0
1947,,,3330.0,3161.0,household_agent_7,1007.0,41.0,household_agent_6,93.0,41.0,3254.0
1948,,,3331.0,3161.0,generation_agent_1,1014.0,41.0,household_agent_6,151.0,41.0,3312.0
1949,,,3384.0,3188.0,household_agent_2,1002.0,41.0,household_agent_6,130.0,41.0,3318.0
1950,,,3385.0,3188.0,household_agent_5,1005.0,41.0,household_agent_6,96.0,41.0,3284.0
1951,,,3386.0,3188.0,household_agent_7,1007.0,41.0,household_agent_6,109.0,41.0,3297.0
1952,,,3387.0,3188.0,generation_agent_1,1014.0,41.0,household_agent_6,161.0,41.0,3349.0
1953,,,3440.0,3275.0,household_agent_2,1002.0,41.0,household_agent_6,169.0,41.0,3444.0
1954,,,3441.0,3275.0,household_agent_5,1005.0,41.0,household_agent_6,47.0,41.0,3322.0
1955,,,3442.0,3275.0,household_agent_7,1007.0,41.0,household_agent_6,58.0,41.0,3333.0
1956,,,3443.0,3275.0,generation_agent_1,1014.0,41.0,household_agent_6,153.0,41.0,3428.0
1957,,,3496.0,3345.0,household_agent_2,1002.0,41.0,household_agent_6,99.0,41.0,3444.0
1958,,,3497.0,3345.0,household_agent_5,1005.0,41.0,household_agent_6,62.0,41.0,3407.0
1959,,,3498.0,3345.0,household_agent_7,1007.0,41.0,household_agent_6,73.0,41.0,3418.0
1960,,,3499.0,3345.0,generation_agent_1,1014.0,41.0,household_agent_6,126.0,41.0,3471.0
1961,,,3552.0,3353.0,household_agent_2,1002.0,41.0,household_agent_6,163.0,41.0,3516.0
1962,,,3553.0,3353.0,household_agent_5,1005.0,41.0,household_agent_6,97.0,41.0,3450.0
1963,,,3554.0,3353.0,household_agent_7,1007.0,41.0,household_agent_6,107.0,41.0,3460.0
1964,,,3555.0,3353.0,generation_agent_1,1014.0,41.0,household_agent_6,170.0,41.0,3523.0
1965,,,3608.0,3433.0,household_agent_2,1002.0,41.0,household_agent_6,90.0,41.0,3523.0
1966,,,3609.0,3433.0,household_agent_5,1005.0,41.0,household_agent_6,67.0,41.0,3500.0
1967,,,3610.0,3433.0,household_agent_7,1007.0,41.0,household_agent_6,78.0,41.0,3511.0
1968,,,3611.0,3433.0,generation_agent_1,1014.0,41.0,household_agent_6,100.0,41.0,3533.0
1969,,,3664.0,3526.0,household_agent_2,1002.0,41.0,household_agent_6,92.0,41.0,3618.0
1970,,,3665.0,3526.0,household_agent_5,1005.0,41.0,household_agent_6,55.0,41.0,3581.0
1971,,,3666.0,3526.0,household_agent_7,1007.0,41.0,household_agent_6,54.0,41.0,3580.0
1972,,,3667.0,3526.0,generation_agent_1,1014.0,41.0,household_agent_6,78.0,41.0,3604.0
1973,,,3720.0,3617.0,household_agent_2,1002.0,41.0,household_agent_6,56.0,41.0,3673.0
1974,,,3721.0,3617.0,household_agent_5,1005.0,41.0,household_agent_6,60.0,41.0,3677.0
1975,,,3722.0,3617.0,household_agent_7,1007.0,41.0,household_agent_6,66.0,41.0,3683.0
1976,,,3723.0,3617.0,generation_agent_1,1014.0,41.0,household_agent_6,132.0,41.0,3749.0
1977,,,3776.0,3676.0,household_agent_2,1002.0,41.0,household_agent_6,125.0,41.0,3801.0
1978,,,3777.0,3676.0,household_agent_5,1005.0,41.0,household_agent_6,57.0,41.0,3733.0
1979,,,3778.0,3676.0,household_agent_7,1007.0,41.0,household_agent_6,62.0,41.0,3738.0
1980,,,3779.0,3676.0,generation_agent_1,1014.0,41.0,household_agent_6,125.0,41.0,3801.0
1981,,,3832.0,3709.0,household_agent_2,1002.0,41.0,household_agent_6,152.0,41.0,3861.0
1982,,,3833.0,3709.0,household_agent_5,1005.0,41.0,household_agent_6,63.0,41.0,3772.0
1983,,,3834.0,3709.0,household_agent_7,1007.0,41.0,household_agent_6,75.0,41.0,3784.0
1984,,,3835.0,3709.0,generation_agent_1,1014.0,41.0,household_agent_6,125.0,41.0,3834.0
1985,,,3888.0,3765.0,household_agent_2,1002.0,41.0,household_agent_6,168.0,41.0,3933.0
1986,,,3889.0,3765.0,household_agent_5,1005.0,41.0,household_agent_6,53.0,41.0,3818.0
1987,,,3890.0,3765.0,household_agent_7,1007.0,41.0,household_agent_6,65.0,41.0,3830.0
1988,,,3891.0,3765.0,generation_agent_1,1014.0,41.0,household_agent_6,75.0,41.0,3840.0
1989,,,3944.0,3849.0,household_agent_2,1002.0,41.0,household_agent_6,95.0,41.0,3944.0
1990,,,3945.0,3849.0,household_agent_5,1005.0,41.0,household_agent_6,47.0,41.0,3896.0
1991,,,3946.0,3849.0,household_agent_7,1007.0,41.0,household_agent_6,57.0,41.0,3906.0
1992,,,3947.0,3849.0,generation_agent_1,1014.0,41.0,household_agent_6,69.0,41.0,3918.0
1993,,,4000.0,3945.0,household_agent_2,1002.0,41.0,household_agent_6,56.0,41.0,4001.0
1994,,,4001.0,3945.0,household_agent_5,1005.0,41.0,household_agent_6,67.0,41.0,4012.0
1995,,,4002.0,3945.0,household_agent_7,1007.0,41.0,household_agent_6,78.0,41.0,4023.0
1996,,,4003.0,3945.0,generation_agent_1,1014.0,41.0,household_agent_6,89.0,41.0,4034.0
1997,,,4056.0,4033.0,household_agent_2,1002.0,41.0,household_agent_6,88.0,41.0,4121.0
1998,,,4057.0,4033.0,household_agent_5,1005.0,41.0,household_agent_6,66.0,41.0,4099.0
1999,,,4058.0,4033.0,household_agent_7,1007.0,41.0,household_agent_6,66.0,41.0,4099.0
2000,,,4059.0,4033.0,generation_agent_1,1014.0,41.0,household_agent_6,99.0,41.0,4132.0
2001,,,4112.0,4118.0,household_agent_2,1002.0,41.0,household_agent_6,265.0,41.0,4383.0
2002,,,4113.0,4118.0,household_agent_5,1005.0,41.0,household_agent_6,49.0,41.0,4167.0
2003,,,4114.0,4118.0,household_agent_7,1007.0,41.0,household_agent_6,60.0,41.0,4178.0
2004,,,4115.0,4118.0,generation_agent_1,1014.0,41.0,household_agent_6,124.0,41.0,4242.0
2005,,,4168.0,4153.0,household_agent_2,1002.0,41.0,household_agent_6,246.0,41.0,4399.0
2006,,,4169.0,4153.0,household_agent_5,1005.0,41.0,household_agent_6,80.0,41.0,4233.0
2007,,,4170.0,4153.0,household_agent_7,1007.0,41.0,household_agent_6,71.0,41.0,4224.0
2008,,,4171.0,4153.0,generation_agent_1,1014.0,41.0,household_agent_6,98.0,41.0,4251.0
2009,,,4224.0,4175.0,household_agent_2,1002.0,41.0,household_agent_6,287.0,164.0,4462.0
2010,,,4225.0,4175.0,household_agent_5,1005.0,41.0,household_agent_6,93.0,41.0,4268.0
2011,,,4226.0,4175.0,household_agent_7,1007.0,41.0,household_agent_6,71.0,41.0,4246.0
2012,,,4227.0,4175.0,generation_agent_1,1014.0,41.0,household_agent_6,144.0,41.0,4319.0
2013,,,4281.0,4245.0,household_agent_5,1005.0,41.0,household_agent_6,89.0,82.0,4334.0
2014,,,4282.0,4245.0,household_agent_7,1007.0,41.0,household_agent_6,94.0,82.0,4339.0
2015,,,4283.0,4245.0,generation_agent_1,1014.0,41.0,household_agent_6,178.0,82.0,4423.0
2016,,,4393.0,4279.0,household_agent_5,1005.0,41.0,household_agent_6,101.0,41.0,4380.0
2017,,,4394.0,4279.0,household_agent_7,1007.0,41.0,household_agent_6,89.0,41.0,4368.0
2018,,,4395.0,4279.0,generation_agent_1,1014.0,41.0,household_agent_6,261.0,82.0,4540.0
2019,,,4448.0,4333.0,household_agent_2,1002.0,41.0,household_agent_6,169.0,82.0,4502.0
2020,,,4449.0,4333.0,household_agent_5,1005.0,41.0,household_agent_6,63.0,41.0,4396.0
2021,,,4450.0,4333.0,household_agent_7,1007.0,41.0,household_agent_6,116.0,41.0,4449.0
2022,,,4505.0,4366.0,household_agent_5,1005.0,41.0,household_agent_6,107.0,41.0,4473.0
2023,,,4506.0,4366.0,household_agent_7,1007.0,41.0,household_agent_6,118.0,41.0,4484.0
2024,,,4507.0,4366.0,generation_agent_1,1014.0,41.0,household_agent_6,180.0,41.0,4546.0
2025,,,4560.0,4416.0,household_agent_2,1002.0,41.0,household_agent_6,164.0,41.0,4580.0
2026,,,4561.0,4416.0,household_agent_5,1005.0,41.0,household_agent_6,79.0,41.0,4495.0
2027,,,4562.0,4416.0,household_agent_7,1007.0,41.0,household_agent_6,111.0,41.0,4527.0
2028,,,4563.0,4416.0,generation_agent_1,1014.0,41.0,household_agent_6,229.0,41.0,4645.0
2029,,,4616.0,4488.0,household_agent_2,1002.0,41.0,household_agent_6,102.0,41.0,4590.0
2030,,,4617.0,4488.0,household_agent_5,1005.0,41.0,household_agent_6,58.0,41.0,4546.0
2031,,,4618.0,4488.0,household_agent_7,1007.0,41.0,household_agent_6,64.0,41.0,4552.0
2032,,,4619.0,4488.0,generation_agent_1,1014.0,41.0,household_agent_6,162.0,41.0,4650.0
2033,,,4672.0,4494.0,household_agent_2,1002.0,41.0,household_agent_6,134.0,41.0,4628.0
2034,,,4673.0,4494.0,household_agent_5,1005.0,41.0,household_agent_6,79.0,41.0,4573.0
2035,,,4674.0,4494.0,household_agent_7,1007.0,41.0,household_agent_6,101.0,41.0,4595.0
2036,,,4675.0,4494.0,generation_agent_1,1014.0,41.0,household_agent_6,219.0,41.0,4713.0
2037,,,4728.0,4591.0,household_agent_2,1002.0,41.0,household_agent_6,65.0,41.0,4656.0
2038,,,4729.0,4591.0,household_agent_5,1005.0,41.0,household_agent_6,48.0,41.0,4639.0
2039,,,4730.0,4591.0,household_agent_7,1007.0,41.0,household_agent_6,54.0,41.0,4645.0
2040,,,4731.0,4591.0,generation_agent_1,1014.0,41.0,household_agent_6,244.0,123.0,4835.0
2041,,,4784.0,4647.0,household_agent_2,1002.0,41.0,household_agent_6,153.0,41.0,4800.0
2042,,,4785.0,4647.0,household_agent_5,1005.0,41.0,household_agent_6,47.0,41.0,4694.0
2043,,,4786.0,4647.0,household_agent_7,1007.0,41.0,household_agent_6,53.0,41.0,4700.0
2044,,,4840.0,4714.0,household_agent_2,1002.0,41.0,household_agent_6,91.0,41.0,4805.0
2045,,,4841.0,4714.0,household_agent_5,1005.0,41.0,household_agent_6,71.0,41.0,4785.0
2046,,,4842.0,4714.0,household_agent_7,1007.0,41.0,household_agent_6,58.0,41.0,4772.0
2047,,,4896.0,4718.0,household_agent_2,1002.0,41.0,household_agent_6,160.0,41.0,4878.0
2048,,,4897.0,4718.0,household_agent_5,1005.0,41.0,household_agent_6,103.0,41.0,4821.0
2049,,,4898.0,4718.0,household_agent_7,1007.0,41.0,household_agent_6,108.0,41.0,4826.0
2050,,,4899.0,4718.0,generation_agent_1,1014.0,41.0,household_agent_6,159.0,41.0,4877.0
2051,,,4952.0,4796.0,household_agent_2,1002.0,41.0,household_agent_6,106.0,41.0,4902.0
2052,,,4953.0,4796.0,household_agent_5,1005.0,41.0,household_agent_6,48.0,41.0,4844.0
2053,,,4954.0,4796.0,household_agent_7,1007.0,41.0,household_agent_6,70.0,41.0,4866.0
2054,,,4955.0,4796.0,generation_agent_1,1014.0,41.0,household_agent_6,86.0,41.0,4882.0
2055,,,5008.0,4885.0,household_agent_2,1002.0,41.0,household_agent_6,99.0,41.0,4984.0
2056,,,5009.0,4885.0,household_agent_5,1005.0,41.0,household_agent_6,62.0,41.0,4947.0
2057,,,5010.0,4885.0,household_agent_7,1007.0,41.0,household_agent_6,49.0,41.0,4934.0
2058,,,5011.0,4885.0,generation_agent_1,1014.0,41.0,household_agent_6,88.0,41.0,4973.0
2059,,,5064.0,4945.0,household_agent_2,1002.0,41.0,household_agent_6,72.0,41.0,5017.0
2060,,,5065.0,4945.0,household_agent_5,1005.0,41.0,household_agent_6,50.0,41.0,4995.0
2061,,,5066.0,4945.0,household_agent_7,1007.0,41.0,household_agent_6,61.0,41.0,5006.0
2062,,,5067.0,4945.0,generation_agent_1,1014.0,41.0,household_agent_6,205.0,82.0,5150.0
2063,,,5120.0,5015.0,household_agent_2,1002.0,41.0,household_agent_6,78.0,41.0,5093.0
2064,,,5121.0,5015.0,household_agent_5,1005.0,41.0,household_agent_6,83.0,41.0,5098.0
2065,,,5122.0,5015.0,household_agent_7,1007.0,41.0,household_agent_6,100.0,41.0,5115.0
2066,,,5176.0,5034.0,household_agent_2,1002.0,41.0,household_agent_6,151.0,41.0,5185.0
2067,,,5177.0,5034.0,household_agent_5,1005.0,41.0,household_agent_6,93.0,41.0,5127.0
2068,,,5178.0,5034.0,household_agent_7,1007.0,41.0,household_agent_6,104.0,41.0,5138.0
2069,,,5179.0,5034.0,generation_agent_1,1014.0,41.0,household_agent_6,138.0,41.0,5172.0
2070,,,5232.0,5092.0,household_agent_2,1002.0,41.0,household_agent_6,94.0,41.0,5186.0
2071,,,5233.0,5092.0,household_agent_5,1005.0,41.0,household_agent_6,52.0,41.0,5144.0
2072,,,5234.0,5092.0,household_agent_7,1007.0,41.0,household_agent_6,61.0,41.0,5153.0
2073,,,5235.0,5092.0,generation_agent_1,1014.0,41.0,household_agent_6,116.0,41.0,5208.0
2074,,,52.0,127.0,household_agent_6,1006.0,41.0,household_agent_7,58.0,41.0,185.0
2075,,,53.0,127.0,household_agent_8,1008.0,41.0,household_agent_7,62.0,41.0,189.0
2076,,,108.0,205.0,household_agent_6,1006.0,41.0,household_agent_7,51.0,41.0,256.0
2077,,,109.0,205.0,household_agent_8,1008.0,41.0,household_agent_7,62.0,41.0,267.0
2078,,,164.0,253.0,household_agent_6,1006.0,41.0,household_agent_7,56.0,41.0,309.0
2079,,,165.0,253.0,household_agent_8,1008.0,41.0,household_agent_7,65.0,41.0,318.0
2080,,,220.0,303.0,household_agent_6,1006.0,41.0,household_agent_7,59.0,41.0,362.0
2081,,,221.0,303.0,household_agent_8,1008.0,41.0,household_agent_7,59.0,41.0,362.0
2082,,,276.0,397.0,household_agent_6,1006.0,41.0,household_agent_7,49.0,41.0,446.0
2083,,,277.0,397.0,household_agent_8,1008.0,41.0,household_agent_7,60.0,41.0,457.0
2084,,,332.0,455.0,household_agent_6,1006.0,41.0,household_agent_7,49.0,41.0,504.0
2085,,,333.0,455.0,household_agent_8,1008.0,41.0,household_agent_7,61.0,41.0,516.0
2086,,,388.0,461.0,household_agent_6,1006.0,41.0,household_agent_7,88.0,41.0,549.0
2087,,,389.0,461.0,household_agent_8,1008.0,41.0,household_agent_7,83.0,41.0,544.0
2088,,,444.0,559.0,household_agent_6,1006.0,41.0,household_agent_7,54.0,41.0,613.0
2089,,,445.0,559.0,household_agent_8,1008.0,41.0,household_agent_7,65.0,41.0,624.0
2090,,,500.0,571.0,household_agent_6,1006.0,41.0,household_agent_7,70.0,41.0,641.0
2091,,,501.0,571.0,household_agent_8,1008.0,41.0,household_agent_7,81.0,41.0,652.0
2092,,,556.0,669.0,household_agent_6,1006.0,41.0,household_agent_7,58.0,41.0,727.0
2093,,,557.0,669.0,household_agent_8,1008.0,41.0,household_agent_7,60.0,41.0,729.0
2094,,,612.0,670.0,household_agent_6,1006.0,41.0,household_agent_7,77.0,41.0,747.0
2095,,,613.0,670.0,household_agent_8,1008.0,41.0,household_agent_7,84.0,41.0,754.0
2096,,,668.0,707.0,household_agent_6,1006.0,41.0,household_agent_7,74.0,41.0,781.0
2097,,,669.0,707.0,household_agent_8,1008.0,41.0,household_agent_7,95.0,41.0,802.0
2098,,,724.0,753.0,household_agent_6,1006.0,41.0,household_agent_7,44.0,41.0,797.0
2099,,,725.0,753.0,household_agent_8,1008.0,41.0,household_agent_7,58.0,41.0,811.0
2100,,,780.0,843.0,household_agent_6,1006.0,41.0,household_agent_7,42.0,41.0,885.0
2101,,,781.0,843.0,household_agent_8,1008.0,41.0,household_agent_7,48.0,41.0,891.0
2102,,,836.0,943.0,household_agent_6,1006.0,41.0,household_agent_7,50.0,41.0,993.0
2103,,,837.0,943.0,household_agent_8,1008.0,41.0,household_agent_7,59.0,41.0,1002.0
2104,,,892.0,986.0,household_agent_6,1006.0,41.0,household_agent_7,55.0,41.0,1041.0
2105,,,893.0,986.0,household_agent_8,1008.0,41.0,household_agent_7,67.0,41.0,1053.0
2106,,,948.0,1026.0,household_agent_6,1006.0,41.0,household_agent_7,69.0,41.0,1095.0
2107,,,949.0,1026.0,household_agent_8,1008.0,41.0,household_agent_7,80.0,41.0,1106.0
2108,,,1004.0,1044.0,household_agent_6,1006.0,41.0,household_agent_7,81.0,41.0,1125.0
2109,,,1005.0,1044.0,household_agent_8,1008.0,41.0,household_agent_7,96.0,41.0,1140.0
2110,,,1060.0,1104.0,household_agent_6,1006.0,41.0,household_agent_7,62.0,41.0,1166.0
2111,,,1061.0,1104.0,household_agent_8,1008.0,41.0,household_agent_7,74.0,41.0,1178.0
2112,,,1116.0,1148.0,household_agent_6,1006.0,41.0,household_agent_7,66.0,41.0,1214.0
2113,,,1117.0,1148.0,household_agent_8,1008.0,41.0,household_agent_7,78.0,41.0,1226.0
2114,,,1172.0,1205.0,household_agent_6,1006.0,41.0,household_agent_7,77.0,41.0,1282.0
2115,,,1173.0,1205.0,household_agent_8,1008.0,41.0,household_agent_7,67.0,41.0,1272.0
2116,,,1228.0,1211.0,household_agent_6,1006.0,41.0,household_agent_7,132.0,41.0,1343.0
2117,,,1229.0,1211.0,household_agent_8,1008.0,41.0,household_agent_7,93.0,41.0,1304.0
2118,,,1284.0,1286.0,household_agent_6,1006.0,41.0,household_agent_7,58.0,41.0,1344.0
2119,,,1285.0,1286.0,household_agent_8,1008.0,41.0,household_agent_7,69.0,41.0,1355.0
2120,,,1340.0,1357.0,household_agent_6,1006.0,41.0,household_agent_7,57.0,41.0,1414.0
2121,,,1341.0,1357.0,household_agent_8,1008.0,41.0,household_agent_7,68.0,41.0,1425.0
2122,,,1396.0,1406.0,household_agent_6,1006.0,41.0,household_agent_7,62.0,41.0,1468.0
2123,,,1397.0,1406.0,household_agent_8,1008.0,41.0,household_agent_7,64.0,41.0,1470.0
2124,,,1452.0,1470.0,household_agent_6,1006.0,41.0,household_agent_7,47.0,41.0,1517.0
2125,,,1453.0,1470.0,household_agent_8,1008.0,41.0,household_agent_7,53.0,41.0,1523.0
2126,,,1508.0,1570.0,household_agent_6,1006.0,41.0,household_agent_7,44.0,41.0,1614.0
2127,,,1509.0,1570.0,household_agent_8,1008.0,41.0,household_agent_7,50.0,41.0,1620.0
2128,,,1564.0,1621.0,household_agent_6,1006.0,41.0,household_agent_7,51.0,41.0,1672.0
2129,,,1565.0,1621.0,household_agent_8,1008.0,41.0,household_agent_7,55.0,41.0,1676.0
2130,,,1620.0,1704.0,household_agent_6,1006.0,41.0,household_agent_7,101.0,41.0,1805.0
2131,,,1621.0,1704.0,household_agent_8,1008.0,41.0,household_agent_7,63.0,41.0,1767.0
2132,,,1676.0,1744.0,household_agent_6,1006.0,41.0,household_agent_7,61.0,41.0,1805.0
2133,,,1677.0,1744.0,household_agent_8,1008.0,41.0,household_agent_7,125.0,123.0,1869.0
2134,,,1732.0,1747.0,household_agent_6,1006.0,41.0,household_agent_7,109.0,41.0,1856.0
2135,,,1788.0,1787.0,household_agent_6,1006.0,41.0,household_agent_7,80.0,41.0,1867.0
2136,,,1844.0,1789.0,household_agent_6,1006.0,41.0,household_agent_7,108.0,41.0,1897.0
2137,,,1845.0,1789.0,household_agent_8,1008.0,41.0,household_agent_7,115.0,41.0,1904.0
2138,,,1900.0,1873.0,household_agent_6,1006.0,41.0,household_agent_7,66.0,41.0,1939.0
2139,,,1901.0,1873.0,household_agent_8,1008.0,41.0,household_agent_7,71.0,41.0,1944.0
2140,,,1956.0,1881.0,household_agent_6,1006.0,41.0,household_agent_7,119.0,41.0,2000.0
2141,,,1957.0,1881.0,household_agent_8,1008.0,41.0,household_agent_7,93.0,41.0,1974.0
2142,,,2012.0,1979.0,household_agent_6,1006.0,41.0,household_agent_7,46.0,41.0,2025.0
2143,,,2013.0,1979.0,household_agent_8,1008.0,41.0,household_agent_7,111.0,82.0,2090.0
2144,,,2068.0,2009.0,household_agent_6,1006.0,41.0,household_agent_7,73.0,41.0,2082.0
2145,,,2124.0,2030.0,household_agent_6,1006.0,41.0,household_agent_7,97.0,41.0,2127.0
2146,,,2125.0,2030.0,household_agent_8,1008.0,41.0,household_agent_7,114.0,41.0,2144.0
2147,,,2180.0,2090.0,household_agent_6,1006.0,41.0,household_agent_7,48.0,41.0,2138.0
2148,,,2181.0,2090.0,household_agent_8,1008.0,41.0,household_agent_7,60.0,41.0,2150.0
2149,,,2236.0,2162.0,household_agent_6,1006.0,41.0,household_agent_7,54.0,41.0,2216.0
2150,,,2237.0,2162.0,household_agent_8,1008.0,41.0,household_agent_7,60.0,41.0,2222.0
2151,,,2292.0,2167.0,household_agent_6,1006.0,41.0,household_agent_7,86.0,41.0,2253.0
2152,,,2293.0,2167.0,household_agent_8,1008.0,41.0,household_agent_7,89.0,41.0,2256.0
2153,,,2348.0,2239.0,household_agent_6,1006.0,41.0,household_agent_7,94.0,82.0,2333.0
2154,,,2349.0,2239.0,household_agent_8,1008.0,41.0,household_agent_7,91.0,82.0,2330.0
2155,,,2460.0,2269.0,household_agent_6,1006.0,41.0,household_agent_7,108.0,41.0,2377.0
2156,,,2461.0,2269.0,household_agent_8,1008.0,41.0,household_agent_7,91.0,41.0,2360.0
2157,,,2516.0,2336.0,household_agent_6,1006.0,41.0,household_agent_7,80.0,41.0,2416.0
2158,,,2517.0,2336.0,household_agent_8,1008.0,41.0,household_agent_7,64.0,41.0,2400.0
2159,,,2572.0,2368.0,household_agent_6,1006.0,41.0,household_agent_7,85.0,41.0,2453.0
2160,,,2573.0,2368.0,household_agent_8,1008.0,41.0,household_agent_7,67.0,41.0,2435.0
2161,,,2628.0,2417.0,household_agent_6,1006.0,41.0,household_agent_7,53.0,41.0,2470.0
2162,,,2629.0,2417.0,household_agent_8,1008.0,41.0,household_agent_7,59.0,41.0,2476.0
2163,,,2684.0,2489.0,household_agent_6,1006.0,41.0,household_agent_7,57.0,41.0,2546.0
2164,,,2685.0,2489.0,household_agent_8,1008.0,41.0,household_agent_7,69.0,41.0,2558.0
2165,,,2740.0,2569.0,household_agent_6,1006.0,41.0,household_agent_7,47.0,41.0,2616.0
2166,,,2741.0,2569.0,household_agent_8,1008.0,41.0,household_agent_7,52.0,41.0,2621.0
2167,,,2796.0,2640.0,household_agent_6,1006.0,41.0,household_agent_7,65.0,41.0,2705.0
2168,,,2797.0,2640.0,household_agent_8,1008.0,41.0,household_agent_7,77.0,41.0,2717.0
2169,,,2852.0,2652.0,household_agent_6,1006.0,41.0,household_agent_7,92.0,41.0,2744.0
2170,,,2853.0,2652.0,household_agent_8,1008.0,41.0,household_agent_7,102.0,41.0,2754.0
2171,,,2908.0,2699.0,household_agent_6,1006.0,41.0,household_agent_7,51.0,41.0,2750.0
2172,,,2909.0,2699.0,household_agent_8,1008.0,41.0,household_agent_7,67.0,41.0,2766.0
2173,,,2964.0,2799.0,household_agent_6,1006.0,41.0,household_agent_7,42.0,41.0,2841.0
2174,,,2965.0,2799.0,household_agent_8,1008.0,41.0,household_agent_7,54.0,41.0,2853.0
2175,,,3020.0,2839.0,household_agent_6,1006.0,41.0,household_agent_7,100.0,41.0,2939.0
2176,,,3021.0,2839.0,household_agent_8,1008.0,41.0,household_agent_7,87.0,41.0,2926.0
2177,,,3076.0,2873.0,household_agent_6,1006.0,41.0,household_agent_7,94.0,41.0,2967.0
2178,,,3077.0,2873.0,household_agent_8,1008.0,41.0,household_agent_7,79.0,41.0,2952.0
2179,,,3132.0,2968.0,household_agent_6,1006.0,41.0,household_agent_7,51.0,41.0,3019.0
2180,,,3133.0,2968.0,household_agent_8,1008.0,41.0,household_agent_7,62.0,41.0,3030.0
2181,,,3188.0,3002.0,household_agent_6,1006.0,41.0,household_agent_7,60.0,41.0,3062.0
2182,,,3189.0,3002.0,household_agent_8,1008.0,41.0,household_agent_7,99.0,41.0,3101.0
2183,,,3244.0,3045.0,household_agent_6,1006.0,41.0,household_agent_7,70.0,41.0,3115.0
2184,,,3245.0,3045.0,household_agent_8,1008.0,41.0,household_agent_7,85.0,41.0,3130.0
2185,,,3300.0,3096.0,household_agent_6,1006.0,41.0,household_agent_7,55.0,41.0,3151.0
2186,,,3301.0,3096.0,household_agent_8,1008.0,41.0,household_agent_7,59.0,41.0,3155.0
2187,,,3356.0,3161.0,household_agent_6,1006.0,41.0,household_agent_7,68.0,41.0,3229.0
2188,,,3357.0,3161.0,household_agent_8,1008.0,41.0,household_agent_7,77.0,41.0,3238.0
2189,,,3412.0,3188.0,household_agent_6,1006.0,41.0,household_agent_7,84.0,41.0,3272.0
2190,,,3413.0,3188.0,household_agent_8,1008.0,41.0,household_agent_7,91.0,41.0,3279.0
2191,,,3468.0,3275.0,household_agent_6,1006.0,41.0,household_agent_7,59.0,41.0,3334.0
2192,,,3469.0,3275.0,household_agent_8,1008.0,41.0,household_agent_7,58.0,41.0,3333.0
2193,,,3524.0,3345.0,household_agent_6,1006.0,41.0,household_agent_7,55.0,41.0,3400.0
2194,,,3525.0,3345.0,household_agent_8,1008.0,41.0,household_agent_7,65.0,41.0,3410.0
2195,,,3580.0,3353.0,household_agent_6,1006.0,41.0,household_agent_7,85.0,41.0,3438.0
2196,,,3581.0,3353.0,household_agent_8,1008.0,41.0,household_agent_7,97.0,41.0,3450.0
2197,,,3636.0,3433.0,household_agent_6,1006.0,41.0,household_agent_7,58.0,41.0,3491.0
2198,,,3637.0,3433.0,household_agent_8,1008.0,41.0,household_agent_7,64.0,41.0,3497.0
2199,,,3692.0,3526.0,household_agent_6,1006.0,41.0,household_agent_7,58.0,41.0,3584.0
2200,,,3693.0,3526.0,household_agent_8,1008.0,41.0,household_agent_7,63.0,41.0,3589.0
2201,,,3748.0,3617.0,household_agent_6,1006.0,41.0,household_agent_7,56.0,41.0,3673.0
2202,,,3749.0,3617.0,household_agent_8,1008.0,41.0,household_agent_7,61.0,41.0,3678.0
2203,,,3804.0,3676.0,household_agent_6,1006.0,41.0,household_agent_7,43.0,41.0,3719.0
2204,,,3805.0,3676.0,household_agent_8,1008.0,41.0,household_agent_7,54.0,41.0,3730.0
2205,,,3860.0,3709.0,household_agent_6,1006.0,41.0,household_agent_7,54.0,41.0,3763.0
2206,,,3861.0,3709.0,household_agent_8,1008.0,41.0,household_agent_7,60.0,41.0,3769.0
2207,,,3916.0,3765.0,household_agent_6,1006.0,41.0,household_agent_7,50.0,41.0,3815.0
2208,,,3917.0,3765.0,household_agent_8,1008.0,41.0,household_agent_7,56.0,41.0,3821.0
2209,,,3972.0,3849.0,household_agent_6,1006.0,41.0,household_agent_7,43.0,41.0,3892.0
2210,,,3973.0,3849.0,household_agent_8,1008.0,41.0,household_agent_7,54.0,41.0,3903.0
2211,,,4028.0,3945.0,household_agent_6,1006.0,41.0,household_agent_7,49.0,41.0,3994.0
2212,,,4029.0,3945.0,household_agent_8,1008.0,41.0,household_agent_7,60.0,41.0,4005.0
2213,,,4084.0,4033.0,household_agent_6,1006.0,41.0,household_agent_7,55.0,41.0,4088.0
2214,,,4085.0,4033.0,household_agent_8,1008.0,41.0,household_agent_7,60.0,41.0,4093.0
2215,,,4140.0,4118.0,household_agent_6,1006.0,41.0,household_agent_7,45.0,41.0,4163.0
2216,,,4141.0,4118.0,household_agent_8,1008.0,41.0,household_agent_7,57.0,41.0,4175.0
2217,,,4196.0,4153.0,household_agent_6,1006.0,41.0,household_agent_7,63.0,41.0,4216.0
2218,,,4197.0,4153.0,household_agent_8,1008.0,41.0,household_agent_7,70.0,41.0,4223.0
2219,,,4252.0,4175.0,household_agent_6,1006.0,41.0,household_agent_7,74.0,41.0,4249.0
2220,,,4253.0,4175.0,household_agent_8,1008.0,41.0,household_agent_7,91.0,41.0,4266.0
2221,,,4308.0,4245.0,household_agent_6,1006.0,41.0,household_agent_7,85.0,82.0,4330.0
2222,,,4309.0,4245.0,household_agent_8,1008.0,41.0,household_agent_7,99.0,82.0,4344.0
2223,,,4420.0,4279.0,household_agent_6,1006.0,41.0,household_agent_7,85.0,41.0,4364.0
2224,,,4421.0,4279.0,household_agent_8,1008.0,41.0,household_agent_7,108.0,41.0,4387.0
2225,,,4476.0,4333.0,household_agent_6,1006.0,41.0,household_agent_7,45.0,41.0,4378.0
2226,,,4477.0,4333.0,household_agent_8,1008.0,41.0,household_agent_7,60.0,41.0,4393.0
2227,,,4532.0,4366.0,household_agent_6,1006.0,41.0,household_agent_7,101.0,41.0,4467.0
2228,,,4533.0,4366.0,household_agent_8,1008.0,41.0,household_agent_7,76.0,41.0,4442.0
2229,,,4588.0,4416.0,household_agent_6,1006.0,41.0,household_agent_7,89.0,41.0,4505.0
2230,,,4589.0,4416.0,household_agent_8,1008.0,41.0,household_agent_7,66.0,41.0,4482.0
2231,,,4644.0,4488.0,household_agent_6,1006.0,41.0,household_agent_7,65.0,41.0,4553.0
2232,,,4645.0,4488.0,household_agent_8,1008.0,41.0,household_agent_7,72.0,41.0,4560.0
2233,,,4700.0,4494.0,household_agent_6,1006.0,41.0,household_agent_7,85.0,41.0,4579.0
2234,,,4701.0,4494.0,household_agent_8,1008.0,41.0,household_agent_7,95.0,41.0,4589.0
2235,,,4756.0,4591.0,household_agent_6,1006.0,41.0,household_agent_7,52.0,41.0,4643.0
2236,,,4757.0,4591.0,household_agent_8,1008.0,41.0,household_agent_7,57.0,41.0,4648.0
2237,,,4812.0,4647.0,household_agent_6,1006.0,41.0,household_agent_7,49.0,41.0,4696.0
2238,,,4813.0,4647.0,household_agent_8,1008.0,41.0,household_agent_7,62.0,41.0,4709.0
2239,,,4868.0,4714.0,household_agent_6,1006.0,41.0,household_agent_7,56.0,41.0,4770.0
2240,,,4869.0,4714.0,household_agent_8,1008.0,41.0,household_agent_7,62.0,41.0,4776.0
2241,,,4924.0,4718.0,household_agent_6,1006.0,41.0,household_agent_7,86.0,41.0,4804.0
2242,,,4925.0,4718.0,household_agent_8,1008.0,41.0,household_agent_7,106.0,41.0,4824.0
2243,,,4980.0,4796.0,household_agent_6,1006.0,41.0,household_agent_7,50.0,41.0,4846.0
2244,,,4981.0,4796.0,household_agent_8,1008.0,41.0,household_agent_7,69.0,41.0,4865.0
2245,,,5036.0,4885.0,household_agent_6,1006.0,41.0,household_agent_7,60.0,41.0,4945.0
2246,,,5037.0,4885.0,household_agent_8,1008.0,41.0,household_agent_7,71.0,41.0,4956.0
2247,,,5092.0,4945.0,household_agent_6,1006.0,41.0,household_agent_7,44.0,41.0,4989.0
2248,,,5093.0,4945.0,household_agent_8,1008.0,41.0,household_agent_7,49.0,41.0,4994.0
2249,,,5148.0,5015.0,household_agent_6,1006.0,41.0,household_agent_7,70.0,41.0,5085.0
2250,,,5149.0,5015.0,household_agent_8,1008.0,41.0,household_agent_7,72.0,41.0,5087.0
2251,,,5204.0,5034.0,household_agent_6,1006.0,41.0,household_agent_7,100.0,41.0,5134.0
2252,,,5205.0,5034.0,household_agent_8,1008.0,41.0,household_agent_7,82.0,41.0,5116.0
2253,,,5260.0,5092.0,household_agent_6,1006.0,41.0,household_agent_7,42.0,41.0,5134.0
2254,,,5261.0,5092.0,household_agent_8,1008.0,41.0,household_agent_7,60.0,41.0,5152.0
2255,,,42.0,127.0,household_agent_7,1007.0,41.0,household_agent_8,48.0,41.0,175.0
2256,,,43.0,127.0,household_agent_9,1009.0,41.0,household_agent_8,54.0,41.0,181.0
2257,,,44.0,127.0,household_agent_11,1011.0,41.0,household_agent_8,66.0,41.0,193.0
2258,,,45.0,127.0,generation_agent_1,1014.0,41.0,household_agent_8,723.0,82.0,850.0
2259,,,98.0,205.0,household_agent_7,1007.0,41.0,household_agent_8,49.0,41.0,254.0
2260,,,99.0,205.0,household_agent_9,1009.0,41.0,household_agent_8,53.0,41.0,258.0
2261,,,100.0,205.0,household_agent_11,1011.0,41.0,household_agent_8,69.0,41.0,274.0
2262,,,154.0,253.0,household_agent_7,1007.0,41.0,household_agent_8,43.0,41.0,296.0
2263,,,155.0,253.0,household_agent_9,1009.0,41.0,household_agent_8,49.0,41.0,302.0
2264,,,156.0,253.0,household_agent_11,1011.0,41.0,household_agent_8,109.0,41.0,362.0
2265,,,157.0,253.0,generation_agent_1,1014.0,41.0,household_agent_8,704.0,287.0,957.0
2266,,,210.0,303.0,household_agent_7,1007.0,41.0,household_agent_8,44.0,41.0,347.0
2267,,,211.0,303.0,household_agent_9,1009.0,41.0,household_agent_8,55.0,41.0,358.0
2268,,,212.0,303.0,household_agent_11,1011.0,41.0,household_agent_8,88.0,41.0,391.0
2269,,,266.0,397.0,household_agent_7,1007.0,41.0,household_agent_8,47.0,41.0,444.0
2270,,,267.0,397.0,household_agent_9,1009.0,41.0,household_agent_8,59.0,41.0,456.0
2271,,,268.0,397.0,household_agent_11,1011.0,41.0,household_agent_8,65.0,41.0,462.0
2272,,,322.0,455.0,household_agent_7,1007.0,41.0,household_agent_8,47.0,41.0,502.0
2273,,,323.0,455.0,household_agent_9,1009.0,41.0,household_agent_8,69.0,41.0,524.0
2274,,,324.0,455.0,household_agent_11,1011.0,41.0,household_agent_8,78.0,41.0,533.0
2275,,,378.0,461.0,household_agent_7,1007.0,41.0,household_agent_8,74.0,41.0,535.0
2276,,,379.0,461.0,household_agent_9,1009.0,41.0,household_agent_8,91.0,41.0,552.0
2277,,,380.0,461.0,household_agent_11,1011.0,41.0,household_agent_8,103.0,41.0,564.0
2278,,,434.0,559.0,household_agent_7,1007.0,41.0,household_agent_8,56.0,41.0,615.0
2279,,,435.0,559.0,household_agent_9,1009.0,41.0,household_agent_8,71.0,41.0,630.0
2280,,,436.0,559.0,household_agent_11,1011.0,41.0,household_agent_8,80.0,41.0,639.0
2281,,,490.0,571.0,household_agent_7,1007.0,41.0,household_agent_8,79.0,41.0,650.0
2282,,,491.0,571.0,household_agent_9,1009.0,41.0,household_agent_8,85.0,41.0,656.0
2283,,,492.0,571.0,household_agent_11,1011.0,41.0,household_agent_8,96.0,41.0,667.0
2284,,,546.0,669.0,household_agent_7,1007.0,41.0,household_agent_8,81.0,82.0,750.0
2285,,,547.0,669.0,household_agent_9,1009.0,41.0,household_agent_8,92.0,82.0,761.0
2286,,,548.0,669.0,household_agent_11,1011.0,41.0,household_agent_8,136.0,82.0,805.0
2287,,,549.0,669.0,generation_agent_1,1014.0,41.0,household_agent_8,588.0,164.0,1257.0
2288,,,658.0,707.0,household_agent_7,1007.0,41.0,household_agent_8,66.0,41.0,773.0
2289,,,659.0,707.0,household_agent_9,1009.0,41.0,household_agent_8,92.0,41.0,799.0
2290,,,660.0,707.0,household_agent_11,1011.0,41.0,household_agent_8,131.0,41.0,838.0
2291,,,714.0,753.0,household_agent_7,1007.0,41.0,household_agent_8,68.0,41.0,821.0
2292,,,715.0,753.0,household_agent_9,1009.0,41.0,household_agent_8,79.0,41.0,832.0
2293,,,716.0,753.0,household_agent_11,1011.0,41.0,household_agent_8,125.0,41.0,878.0
2294,,,770.0,843.0,household_agent_7,1007.0,41.0,household_agent_8,58.0,41.0,901.0
2295,,,771.0,843.0,household_agent_9,1009.0,41.0,household_agent_8,69.0,41.0,912.0
2296,,,772.0,843.0,household_agent_11,1011.0,41.0,household_agent_8,80.0,41.0,923.0
2297,,,773.0,843.0,generation_agent_1,1014.0,41.0,household_agent_8,773.0,82.0,1616.0
2298,,,826.0,943.0,household_agent_7,1007.0,41.0,household_agent_8,39.0,41.0,982.0
2299,,,827.0,943.0,household_agent_9,1009.0,41.0,household_agent_8,49.0,41.0,992.0
2300,,,828.0,943.0,household_agent_11,1011.0,41.0,household_agent_8,79.0,41.0,1022.0
2301,,,882.0,986.0,household_agent_7,1007.0,41.0,household_agent_8,44.0,41.0,1030.0
2302,,,883.0,986.0,household_agent_9,1009.0,41.0,household_agent_8,55.0,41.0,1041.0
2303,,,884.0,986.0,household_agent_11,1011.0,41.0,household_agent_8,159.0,82.0,1145.0
2304,,,885.0,986.0,generation_agent_1,1014.0,41.0,household_agent_8,633.0,41.0,1619.0
2305,,,938.0,1026.0,household_agent_7,1007.0,41.0,household_agent_8,61.0,41.0,1087.0
2306,,,939.0,1026.0,household_agent_9,1009.0,41.0,household_agent_8,81.0,41.0,1107.0
2307,,,941.0,1026.0,generation_agent_1,1014.0,41.0,household_agent_8,694.0,410.0,1720.0
2308,,,994.0,1044.0,household_agent_7,1007.0,41.0,household_agent_8,79.0,41.0,1123.0
2309,,,995.0,1044.0,household_agent_9,1009.0,41.0,household_agent_8,95.0,41.0,1139.0
2310,,,996.0,1044.0,household_agent_11,1011.0,41.0,household_agent_8,141.0,41.0,1185.0
2311,,,1050.0,1104.0,household_agent_7,1007.0,41.0,household_agent_8,52.0,41.0,1156.0
2312,,,1051.0,1104.0,household_agent_9,1009.0,41.0,household_agent_8,63.0,41.0,1167.0
2313,,,1052.0,1104.0,household_agent_11,1011.0,41.0,household_agent_8,141.0,41.0,1245.0
2314,,,1106.0,1148.0,household_agent_7,1007.0,41.0,household_agent_8,52.0,41.0,1200.0
2315,,,1107.0,1148.0,household_agent_9,1009.0,41.0,household_agent_8,64.0,41.0,1212.0
2316,,,1108.0,1148.0,household_agent_11,1011.0,41.0,household_agent_8,133.0,41.0,1281.0
2317,,,1162.0,1205.0,household_agent_7,1007.0,41.0,household_agent_8,51.0,41.0,1256.0
2318,,,1163.0,1205.0,household_agent_9,1009.0,41.0,household_agent_8,72.0,41.0,1277.0
2319,,,1164.0,1205.0,household_agent_11,1011.0,41.0,household_agent_8,84.0,41.0,1289.0
2320,,,1218.0,1211.0,household_agent_7,1007.0,41.0,household_agent_8,84.0,41.0,1295.0
2321,,,1219.0,1211.0,household_agent_9,1009.0,41.0,household_agent_8,101.0,41.0,1312.0
2322,,,1220.0,1211.0,household_agent_11,1011.0,41.0,household_agent_8,134.0,41.0,1345.0
2323,,,1274.0,1286.0,household_agent_7,1007.0,41.0,household_agent_8,48.0,41.0,1334.0
2324,,,1275.0,1286.0,household_agent_9,1009.0,41.0,household_agent_8,54.0,41.0,1340.0
2325,,,1276.0,1286.0,household_agent_11,1011.0,41.0,household_agent_8,59.0,41.0,1345.0
2326,,,1330.0,1357.0,household_agent_7,1007.0,41.0,household_agent_8,53.0,41.0,1410.0
2327,,,1331.0,1357.0,household_agent_9,1009.0,41.0,household_agent_8,56.0,41.0,1413.0
2328,,,1332.0,1357.0,household_agent_11,1011.0,41.0,household_agent_8,68.0,41.0,1425.0
2329,,,1386.0,1406.0,household_agent_7,1007.0,41.0,household_agent_8,47.0,41.0,1453.0
2330,,,1387.0,1406.0,household_agent_9,1009.0,41.0,household_agent_8,52.0,41.0,1458.0
2331,,,1388.0,1406.0,household_agent_11,1011.0,41.0,household_agent_8,60.0,41.0,1466.0
2332,,,1442.0,1470.0,household_agent_7,1007.0,41.0,household_agent_8,45.0,41.0,1515.0
2333,,,1443.0,1470.0,household_agent_9,1009.0,41.0,household_agent_8,66.0,41.0,1536.0
2334,,,1444.0,1470.0,household_agent_11,1011.0,41.0,household_agent_8,71.0,41.0,1541.0
2335,,,1498.0,1570.0,household_agent_7,1007.0,41.0,household_agent_8,66.0,41.0,1636.0
2336,,,1499.0,1570.0,household_agent_9,1009.0,41.0,household_agent_8,53.0,41.0,1623.0
2337,,,1500.0,1570.0,household_agent_11,1011.0,41.0,household_agent_8,75.0,41.0,1645.0
2338,,,1501.0,1570.0,generation_agent_1,1014.0,41.0,household_agent_8,1210.0,41.0,2780.0
2339,,,1554.0,1621.0,household_agent_7,1007.0,41.0,household_agent_8,66.0,41.0,1687.0
2340,,,1555.0,1621.0,household_agent_9,1009.0,41.0,household_agent_8,71.0,41.0,1692.0
2341,,,1556.0,1621.0,household_agent_11,1011.0,41.0,household_agent_8,82.0,41.0,1703.0
2342,,,1557.0,1621.0,generation_agent_1,1014.0,41.0,household_agent_8,1343.0,536.0,2964.0
2343,,,1610.0,1704.0,household_agent_7,1007.0,41.0,household_agent_8,44.0,41.0,1748.0
2344,,,1611.0,1704.0,household_agent_9,1009.0,41.0,household_agent_8,57.0,41.0,1761.0
2345,,,1612.0,1704.0,household_agent_11,1011.0,41.0,household_agent_8,66.0,41.0,1770.0
2346,,,1666.0,1744.0,household_agent_7,1007.0,41.0,household_agent_8,54.0,41.0,1798.0
2347,,,1667.0,1744.0,household_agent_9,1009.0,41.0,household_agent_8,72.0,41.0,1816.0
2348,,,1668.0,1744.0,household_agent_11,1011.0,41.0,household_agent_8,133.0,123.0,1877.0
2349,,,1722.0,1747.0,household_agent_7,1007.0,41.0,household_agent_8,89.0,41.0,1836.0
2350,,,1723.0,1747.0,household_agent_9,1009.0,41.0,household_agent_8,100.0,41.0,1847.0
2351,,,1778.0,1787.0,household_agent_7,1007.0,41.0,household_agent_8,59.0,41.0,1846.0
2352,,,1779.0,1787.0,household_agent_9,1009.0,41.0,household_agent_8,60.0,41.0,1847.0
2353,,,1834.0,1789.0,household_agent_7,1007.0,41.0,household_agent_8,99.0,41.0,1888.0
2354,,,1835.0,1789.0,household_agent_9,1009.0,41.0,household_agent_8,110.0,41.0,1899.0
2355,,,1836.0,1789.0,household_agent_11,1011.0,41.0,household_agent_8,153.0,41.0,1942.0
2356,,,1890.0,1873.0,household_agent_7,1007.0,41.0,household_agent_8,62.0,41.0,1935.0
2357,,,1891.0,1873.0,household_agent_9,1009.0,41.0,household_agent_8,60.0,41.0,1933.0
2358,,,1892.0,1873.0,household_agent_11,1011.0,41.0,household_agent_8,92.0,41.0,1965.0
2359,,,1946.0,1881.0,household_agent_7,1007.0,41.0,household_agent_8,89.0,41.0,1970.0
2360,,,1947.0,1881.0,household_agent_9,1009.0,41.0,household_agent_8,96.0,41.0,1977.0
2361,,,1948.0,1881.0,household_agent_11,1011.0,41.0,household_agent_8,128.0,41.0,2009.0
2362,,,2002.0,1979.0,household_agent_7,1007.0,41.0,household_agent_8,72.0,41.0,2051.0
2363,,,2003.0,1979.0,household_agent_9,1009.0,41.0,household_agent_8,46.0,41.0,2025.0
2364,,,2004.0,1979.0,household_agent_11,1011.0,41.0,household_agent_8,106.0,41.0,2085.0
2365,,,2058.0,2009.0,household_agent_7,1007.0,41.0,household_agent_8,66.0,41.0,2075.0
2366,,,2059.0,2009.0,household_agent_9,1009.0,41.0,household_agent_8,72.0,41.0,2081.0
2367,,,2060.0,2009.0,household_agent_11,1011.0,41.0,household_agent_8,88.0,41.0,2097.0
2368,,,2114.0,2030.0,household_agent_7,1007.0,41.0,household_agent_8,76.0,41.0,2106.0
2369,,,2115.0,2030.0,household_agent_9,1009.0,41.0,household_agent_8,87.0,41.0,2117.0
2370,,,2116.0,2030.0,household_agent_11,1011.0,41.0,household_agent_8,114.0,41.0,2144.0
2371,,,2170.0,2090.0,household_agent_7,1007.0,41.0,household_agent_8,43.0,41.0,2133.0
2372,,,2171.0,2090.0,household_agent_9,1009.0,41.0,household_agent_8,56.0,41.0,2146.0
2373,,,2172.0,2090.0,household_agent_11,1011.0,41.0,household_agent_8,92.0,41.0,2182.0
2374,,,2226.0,2162.0,household_agent_7,1007.0,41.0,household_agent_8,58.0,41.0,2220.0
2375,,,2227.0,2162.0,household_agent_9,1009.0,41.0,household_agent_8,59.0,41.0,2221.0
2376,,,2228.0,2162.0,household_agent_11,1011.0,41.0,household_agent_8,69.0,41.0,2231.0
2377,,,2282.0,2167.0,household_agent_7,1007.0,41.0,household_agent_8,82.0,41.0,2249.0
2378,,,2283.0,2167.0,household_agent_9,1009.0,41.0,household_agent_8,93.0,41.0,2260.0
2379,,,2284.0,2167.0,household_agent_11,1011.0,41.0,household_agent_8,164.0,41.0,2331.0
2380,,,2285.0,2167.0,generation_agent_1,1014.0,41.0,household_agent_8,1191.0,448.0,3358.0
2381,,,2338.0,2239.0,household_agent_7,1007.0,41.0,household_agent_8,86.0,82.0,2325.0
2382,,,2339.0,2239.0,household_agent_9,1009.0,41.0,household_agent_8,86.0,82.0,2325.0
2383,,,2340.0,2239.0,household_agent_11,1011.0,41.0,household_agent_8,128.0,41.0,2367.0
2384,,,2396.0,2253.0,household_agent_11,1011.0,41.0,household_agent_8,147.0,82.0,2400.0
2385,,,2450.0,2269.0,household_agent_7,1007.0,41.0,household_agent_8,87.0,41.0,2356.0
2386,,,2451.0,2269.0,household_agent_9,1009.0,41.0,household_agent_8,122.0,41.0,2391.0
2387,,,2506.0,2336.0,household_agent_7,1007.0,41.0,household_agent_8,41.0,41.0,2377.0
2388,,,2507.0,2336.0,household_agent_9,1009.0,41.0,household_agent_8,90.0,41.0,2426.0
2389,,,2508.0,2336.0,household_agent_11,1011.0,41.0,household_agent_8,108.0,41.0,2444.0
2390,,,2562.0,2368.0,household_agent_7,1007.0,41.0,household_agent_8,53.0,41.0,2421.0
2391,,,2563.0,2368.0,household_agent_9,1009.0,41.0,household_agent_8,103.0,41.0,2471.0
2392,,,2564.0,2368.0,household_agent_11,1011.0,41.0,household_agent_8,109.0,41.0,2477.0
2393,,,2618.0,2417.0,household_agent_7,1007.0,41.0,household_agent_8,43.0,41.0,2460.0
2394,,,2619.0,2417.0,household_agent_9,1009.0,41.0,household_agent_8,71.0,41.0,2488.0
2395,,,2620.0,2417.0,household_agent_11,1011.0,41.0,household_agent_8,89.0,41.0,2506.0
2396,,,2674.0,2489.0,household_agent_7,1007.0,41.0,household_agent_8,44.0,41.0,2533.0
2397,,,2675.0,2489.0,household_agent_9,1009.0,41.0,household_agent_8,54.0,41.0,2543.0
2398,,,2676.0,2489.0,household_agent_11,1011.0,41.0,household_agent_8,65.0,41.0,2554.0
2399,,,2730.0,2569.0,household_agent_7,1007.0,41.0,household_agent_8,44.0,41.0,2613.0
2400,,,2731.0,2569.0,household_agent_9,1009.0,41.0,household_agent_8,50.0,41.0,2619.0
2401,,,2732.0,2569.0,household_agent_11,1011.0,41.0,household_agent_8,56.0,41.0,2625.0
2402,,,2786.0,2640.0,household_agent_7,1007.0,41.0,household_agent_8,57.0,41.0,2697.0
2403,,,2787.0,2640.0,household_agent_9,1009.0,41.0,household_agent_8,73.0,41.0,2713.0
2404,,,2788.0,2640.0,household_agent_11,1011.0,41.0,household_agent_8,79.0,41.0,2719.0
2405,,,2842.0,2652.0,household_agent_7,1007.0,41.0,household_agent_8,89.0,41.0,2741.0
2406,,,2843.0,2652.0,household_agent_9,1009.0,41.0,household_agent_8,106.0,41.0,2758.0
2407,,,2844.0,2652.0,household_agent_11,1011.0,41.0,household_agent_8,122.0,41.0,2774.0
2408,,,2898.0,2699.0,household_agent_7,1007.0,41.0,household_agent_8,48.0,41.0,2747.0
2409,,,2899.0,2699.0,household_agent_9,1009.0,41.0,household_agent_8,59.0,41.0,2758.0
2410,,,2900.0,2699.0,household_agent_11,1011.0,41.0,household_agent_8,102.0,41.0,2801.0
2411,,,2901.0,2699.0,generation_agent_1,1014.0,41.0,household_agent_8,658.0,41.0,3357.0
2412,,,2954.0,2799.0,household_agent_7,1007.0,41.0,household_agent_8,40.0,41.0,2839.0
2413,,,2955.0,2799.0,household_agent_9,1009.0,41.0,household_agent_8,58.0,41.0,2857.0
2414,,,2956.0,2799.0,household_agent_11,1011.0,41.0,household_agent_8,100.0,41.0,2899.0
2415,,,2957.0,2799.0,generation_agent_1,1014.0,41.0,household_agent_8,618.0,205.0,3417.0
2416,,,3010.0,2839.0,household_agent_7,1007.0,41.0,household_agent_8,44.0,41.0,2883.0
2417,,,3011.0,2839.0,household_agent_9,1009.0,41.0,household_agent_8,88.0,41.0,2927.0
2418,,,3012.0,2839.0,household_agent_11,1011.0,41.0,household_agent_8,104.0,41.0,2943.0
2419,,,3066.0,2873.0,household_agent_7,1007.0,41.0,household_agent_8,54.0,41.0,2927.0
2420,,,3067.0,2873.0,household_agent_9,1009.0,41.0,household_agent_8,81.0,41.0,2954.0
2421,,,3068.0,2873.0,household_agent_11,1011.0,41.0,household_agent_8,99.0,41.0,2972.0
2422,,,3122.0,2968.0,household_agent_7,1007.0,41.0,household_agent_8,42.0,41.0,3010.0
2423,,,3123.0,2968.0,household_agent_9,1009.0,41.0,household_agent_8,84.0,41.0,3052.0
2424,,,3124.0,2968.0,household_agent_11,1011.0,41.0,household_agent_8,105.0,41.0,3073.0
2425,,,3178.0,3002.0,household_agent_7,1007.0,41.0,household_agent_8,45.0,41.0,3047.0
2426,,,3179.0,3002.0,household_agent_9,1009.0,41.0,household_agent_8,102.0,41.0,3104.0
2427,,,3180.0,3002.0,household_agent_11,1011.0,41.0,household_agent_8,119.0,41.0,3121.0
2428,,,3234.0,3045.0,household_agent_7,1007.0,41.0,household_agent_8,55.0,41.0,3100.0
2429,,,3235.0,3045.0,household_agent_9,1009.0,41.0,household_agent_8,60.0,41.0,3105.0
2430,,,3236.0,3045.0,household_agent_11,1011.0,41.0,household_agent_8,82.0,41.0,3127.0
2431,,,3237.0,3045.0,generation_agent_1,1014.0,41.0,household_agent_8,610.0,205.0,3655.0
2432,,,3290.0,3096.0,household_agent_7,1007.0,41.0,household_agent_8,54.0,41.0,3150.0
2433,,,3291.0,3096.0,household_agent_9,1009.0,41.0,household_agent_8,61.0,41.0,3157.0
2434,,,3292.0,3096.0,household_agent_11,1011.0,41.0,household_agent_8,66.0,41.0,3162.0
2435,,,3346.0,3161.0,household_agent_7,1007.0,41.0,household_agent_8,70.0,41.0,3231.0
2436,,,3347.0,3161.0,household_agent_9,1009.0,41.0,household_agent_8,82.0,41.0,3243.0
2437,,,3348.0,3161.0,household_agent_11,1011.0,41.0,household_agent_8,94.0,41.0,3255.0
2438,,,3402.0,3188.0,household_agent_7,1007.0,41.0,household_agent_8,73.0,41.0,3261.0
2439,,,3403.0,3188.0,household_agent_9,1009.0,41.0,household_agent_8,76.0,41.0,3264.0
2440,,,3404.0,3188.0,household_agent_11,1011.0,41.0,household_agent_8,101.0,41.0,3289.0
2441,,,3458.0,3275.0,household_agent_7,1007.0,41.0,household_agent_8,52.0,41.0,3327.0
2442,,,3459.0,3275.0,household_agent_9,1009.0,41.0,household_agent_8,57.0,41.0,3332.0
2443,,,3460.0,3275.0,household_agent_11,1011.0,41.0,household_agent_8,63.0,41.0,3338.0
2444,,,3514.0,3345.0,household_agent_7,1007.0,41.0,household_agent_8,51.0,41.0,3396.0
2445,,,3515.0,3345.0,household_agent_9,1009.0,41.0,household_agent_8,62.0,41.0,3407.0
2446,,,3516.0,3345.0,household_agent_11,1011.0,41.0,household_agent_8,66.0,41.0,3411.0
2447,,,3517.0,3345.0,generation_agent_1,1014.0,41.0,household_agent_8,723.0,164.0,4068.0
2448,,,3570.0,3353.0,household_agent_7,1007.0,41.0,household_agent_8,75.0,41.0,3428.0
2449,,,3571.0,3353.0,household_agent_9,1009.0,41.0,household_agent_8,82.0,41.0,3435.0
2450,,,3572.0,3353.0,household_agent_11,1011.0,41.0,household_agent_8,87.0,41.0,3440.0
2451,,,3626.0,3433.0,household_agent_7,1007.0,41.0,household_agent_8,45.0,41.0,3478.0
2452,,,3627.0,3433.0,household_agent_9,1009.0,41.0,household_agent_8,56.0,41.0,3489.0
2453,,,3628.0,3433.0,household_agent_11,1011.0,41.0,household_agent_8,63.0,41.0,3496.0
2454,,,3682.0,3526.0,household_agent_7,1007.0,41.0,household_agent_8,58.0,41.0,3584.0
2455,,,3683.0,3526.0,household_agent_9,1009.0,41.0,household_agent_8,63.0,41.0,3589.0
2456,,,3684.0,3526.0,household_agent_11,1011.0,41.0,household_agent_8,70.0,41.0,3596.0
2457,,,3738.0,3617.0,household_agent_7,1007.0,41.0,household_agent_8,47.0,41.0,3664.0
2458,,,3739.0,3617.0,household_agent_9,1009.0,41.0,household_agent_8,58.0,41.0,3675.0
2459,,,3740.0,3617.0,household_agent_11,1011.0,41.0,household_agent_8,65.0,41.0,3682.0
2460,,,3741.0,3617.0,generation_agent_1,1014.0,41.0,household_agent_8,623.0,246.0,4240.0
2461,,,3794.0,3676.0,household_agent_7,1007.0,41.0,household_agent_8,44.0,41.0,3720.0
2462,,,3795.0,3676.0,household_agent_9,1009.0,41.0,household_agent_8,87.0,41.0,3763.0
2463,,,3796.0,3676.0,household_agent_11,1011.0,41.0,household_agent_8,92.0,41.0,3768.0
2464,,,3850.0,3709.0,household_agent_7,1007.0,41.0,household_agent_8,48.0,41.0,3757.0
2465,,,3851.0,3709.0,household_agent_9,1009.0,41.0,household_agent_8,98.0,41.0,3807.0
2466,,,3852.0,3709.0,household_agent_11,1011.0,41.0,household_agent_8,114.0,41.0,3823.0
2467,,,3906.0,3765.0,household_agent_7,1007.0,41.0,household_agent_8,42.0,41.0,3807.0
2468,,,3907.0,3765.0,household_agent_9,1009.0,41.0,household_agent_8,55.0,41.0,3820.0
2469,,,3908.0,3765.0,household_agent_11,1011.0,41.0,household_agent_8,64.0,41.0,3829.0
2470,,,3962.0,3849.0,household_agent_7,1007.0,41.0,household_agent_8,47.0,41.0,3896.0
2471,,,3963.0,3849.0,household_agent_9,1009.0,41.0,household_agent_8,51.0,41.0,3900.0
2472,,,3964.0,3849.0,household_agent_11,1011.0,41.0,household_agent_8,56.0,41.0,3905.0
2473,,,4018.0,3945.0,household_agent_7,1007.0,41.0,household_agent_8,50.0,41.0,3995.0
2474,,,4019.0,3945.0,household_agent_9,1009.0,41.0,household_agent_8,56.0,41.0,4001.0
2475,,,4020.0,3945.0,household_agent_11,1011.0,41.0,household_agent_8,67.0,41.0,4012.0
2476,,,4074.0,4033.0,household_agent_7,1007.0,41.0,household_agent_8,52.0,41.0,4085.0
2477,,,4075.0,4033.0,household_agent_9,1009.0,41.0,household_agent_8,59.0,41.0,4092.0
2478,,,4076.0,4033.0,household_agent_11,1011.0,41.0,household_agent_8,63.0,41.0,4096.0
2479,,,4077.0,4033.0,generation_agent_1,1014.0,41.0,household_agent_8,1013.0,41.0,5046.0
2480,,,4130.0,4118.0,household_agent_7,1007.0,41.0,household_agent_8,85.0,41.0,4203.0
2481,,,4131.0,4118.0,household_agent_9,1009.0,41.0,household_agent_8,98.0,41.0,4216.0
2482,,,4132.0,4118.0,household_agent_11,1011.0,41.0,household_agent_8,112.0,41.0,4230.0
2483,,,4133.0,4118.0,generation_agent_1,1014.0,41.0,household_agent_8,928.0,41.0,5046.0
2484,,,4186.0,4153.0,household_agent_7,1007.0,41.0,household_agent_8,68.0,41.0,4221.0
2485,,,4187.0,4153.0,household_agent_9,1009.0,41.0,household_agent_8,85.0,41.0,4238.0
2486,,,4188.0,4153.0,household_agent_11,1011.0,41.0,household_agent_8,137.0,41.0,4290.0
2487,,,4189.0,4153.0,generation_agent_1,1014.0,41.0,household_agent_8,1035.0,536.0,5188.0
2488,,,4242.0,4175.0,household_agent_7,1007.0,41.0,household_agent_8,76.0,41.0,4251.0
2489,,,4243.0,4175.0,household_agent_9,1009.0,41.0,household_agent_8,92.0,41.0,4267.0
2490,,,4244.0,4175.0,household_agent_11,1011.0,41.0,household_agent_8,156.0,41.0,4331.0
2491,,,4298.0,4245.0,household_agent_7,1007.0,41.0,household_agent_8,62.0,41.0,4307.0
2492,,,4299.0,4245.0,household_agent_9,1009.0,41.0,household_agent_8,99.0,82.0,4344.0
2493,,,4300.0,4245.0,household_agent_11,1011.0,41.0,household_agent_8,152.0,41.0,4397.0
2494,,,4354.0,4262.0,household_agent_7,1007.0,41.0,household_agent_8,71.0,41.0,4333.0
2495,,,4356.0,4262.0,household_agent_11,1011.0,41.0,household_agent_8,150.0,82.0,4412.0
2496,,,4410.0,4279.0,household_agent_7,1007.0,41.0,household_agent_8,88.0,41.0,4367.0
2497,,,4411.0,4279.0,household_agent_9,1009.0,41.0,household_agent_8,108.0,41.0,4387.0
2498,,,4466.0,4333.0,household_agent_7,1007.0,41.0,household_agent_8,46.0,41.0,4379.0
2499,,,4467.0,4333.0,household_agent_9,1009.0,41.0,household_agent_8,85.0,41.0,4418.0
2500,,,4468.0,4333.0,household_agent_11,1011.0,41.0,household_agent_8,119.0,41.0,4452.0
2501,,,4522.0,4366.0,household_agent_7,1007.0,41.0,household_agent_8,70.0,41.0,4436.0
2502,,,4523.0,4366.0,household_agent_9,1009.0,41.0,household_agent_8,80.0,41.0,4446.0
2503,,,4524.0,4366.0,household_agent_11,1011.0,41.0,household_agent_8,117.0,41.0,4483.0
2504,,,4578.0,4416.0,household_agent_7,1007.0,41.0,household_agent_8,61.0,41.0,4477.0
2505,,,4579.0,4416.0,household_agent_9,1009.0,41.0,household_agent_8,50.0,41.0,4466.0
2506,,,4580.0,4416.0,household_agent_11,1011.0,41.0,household_agent_8,105.0,41.0,4521.0
2507,,,4634.0,4488.0,household_agent_7,1007.0,41.0,household_agent_8,65.0,41.0,4553.0
2508,,,4635.0,4488.0,household_agent_9,1009.0,41.0,household_agent_8,71.0,41.0,4559.0
2509,,,4636.0,4488.0,household_agent_11,1011.0,41.0,household_agent_8,83.0,41.0,4571.0
2510,,,4690.0,4494.0,household_agent_7,1007.0,41.0,household_agent_8,88.0,41.0,4582.0
2511,,,4691.0,4494.0,household_agent_9,1009.0,41.0,household_agent_8,92.0,41.0,4586.0
2512,,,4692.0,4494.0,household_agent_11,1011.0,41.0,household_agent_8,120.0,41.0,4614.0
2513,,,4746.0,4591.0,household_agent_7,1007.0,41.0,household_agent_8,51.0,41.0,4642.0
2514,,,4747.0,4591.0,household_agent_9,1009.0,41.0,household_agent_8,56.0,41.0,4647.0
2515,,,4748.0,4591.0,household_agent_11,1011.0,41.0,household_agent_8,62.0,41.0,4653.0
2516,,,4802.0,4647.0,household_agent_7,1007.0,41.0,household_agent_8,46.0,41.0,4693.0
2517,,,4803.0,4647.0,household_agent_9,1009.0,41.0,household_agent_8,52.0,41.0,4699.0
2518,,,4804.0,4647.0,household_agent_11,1011.0,41.0,household_agent_8,66.0,41.0,4713.0
2519,,,4858.0,4714.0,household_agent_7,1007.0,41.0,household_agent_8,48.0,41.0,4762.0
2520,,,4859.0,4714.0,household_agent_9,1009.0,41.0,household_agent_8,59.0,41.0,4773.0
2521,,,4860.0,4714.0,household_agent_11,1011.0,41.0,household_agent_8,70.0,41.0,4784.0
2522,,,4914.0,4718.0,household_agent_7,1007.0,41.0,household_agent_8,82.0,41.0,4800.0
2523,,,4915.0,4718.0,household_agent_9,1009.0,41.0,household_agent_8,101.0,41.0,4819.0
2524,,,4916.0,4718.0,household_agent_11,1011.0,41.0,household_agent_8,105.0,41.0,4823.0
2525,,,4917.0,4718.0,generation_agent_1,1014.0,41.0,household_agent_8,529.0,38.0,5247.0
2526,,,4970.0,4796.0,household_agent_7,1007.0,41.0,household_agent_8,48.0,41.0,4844.0
2527,,,4971.0,4796.0,household_agent_9,1009.0,41.0,household_agent_8,59.0,41.0,4855.0
2528,,,4972.0,4796.0,household_agent_11,1011.0,41.0,household_agent_8,64.0,41.0,4860.0
2529,,,4973.0,4796.0,generation_agent_1,1014.0,41.0,household_agent_8,451.0,205.0,5247.0
2530,,,5026.0,4885.0,household_agent_7,1007.0,41.0,household_agent_8,56.0,41.0,4941.0
2531,,,5027.0,4885.0,household_agent_9,1009.0,41.0,household_agent_8,61.0,41.0,4946.0
2532,,,5028.0,4885.0,household_agent_11,1011.0,41.0,household_agent_8,67.0,41.0,4952.0
2533,,,5082.0,4945.0,household_agent_7,1007.0,41.0,household_agent_8,53.0,41.0,4998.0
2534,,,5083.0,4945.0,household_agent_9,1009.0,41.0,household_agent_8,58.0,41.0,5003.0
2535,,,5084.0,4945.0,household_agent_11,1011.0,41.0,household_agent_8,66.0,41.0,5011.0
2536,,,5138.0,5015.0,household_agent_7,1007.0,41.0,household_agent_8,71.0,41.0,5086.0
2537,,,5139.0,5015.0,household_agent_9,1009.0,41.0,household_agent_8,77.0,41.0,5092.0
2538,,,5140.0,5015.0,household_agent_11,1011.0,41.0,household_agent_8,81.0,41.0,5096.0
2539,,,5194.0,5034.0,household_agent_7,1007.0,41.0,household_agent_8,79.0,41.0,5113.0
2540,,,5195.0,5034.0,household_agent_9,1009.0,41.0,household_agent_8,117.0,41.0,5151.0
2541,,,5196.0,5034.0,household_agent_11,1011.0,41.0,household_agent_8,117.0,41.0,5151.0
2542,,,5250.0,5092.0,household_agent_7,1007.0,41.0,household_agent_8,48.0,41.0,5140.0
2543,,,5251.0,5092.0,household_agent_9,1009.0,41.0,household_agent_8,59.0,41.0,5151.0
2544,,,5252.0,5092.0,household_agent_11,1011.0,41.0,household_agent_8,72.0,41.0,5164.0
2545,,,5253.0,5092.0,generation_agent_1,1014.0,41.0,household_agent_8,183.0,41.0,5275.0
2546,,,16.0,127.0,household_agent_3,1003.0,41.0,household_agent_9,53.0,41.0,180.0
2547,,,17.0,127.0,household_agent_8,1008.0,41.0,household_agent_9,64.0,41.0,191.0
2548,,,18.0,127.0,household_agent_10,1010.0,41.0,household_agent_9,69.0,41.0,196.0
2549,,,72.0,205.0,household_agent_3,1003.0,41.0,household_agent_9,50.0,41.0,255.0
2550,,,73.0,205.0,household_agent_8,1008.0,41.0,household_agent_9,104.0,41.0,309.0
2551,,,74.0,205.0,household_agent_10,1010.0,41.0,household_agent_9,55.0,41.0,260.0
2552,,,128.0,253.0,household_agent_3,1003.0,41.0,household_agent_9,50.0,41.0,303.0
2553,,,129.0,253.0,household_agent_8,1008.0,41.0,household_agent_9,84.0,41.0,337.0
2554,,,130.0,253.0,household_agent_10,1010.0,41.0,household_agent_9,67.0,41.0,320.0
2555,,,184.0,303.0,household_agent_3,1003.0,41.0,household_agent_9,57.0,41.0,360.0
2556,,,185.0,303.0,household_agent_8,1008.0,41.0,household_agent_9,57.0,41.0,360.0
2557,,,186.0,303.0,household_agent_10,1010.0,41.0,household_agent_9,65.0,41.0,368.0
2558,,,240.0,397.0,household_agent_3,1003.0,41.0,household_agent_9,52.0,41.0,449.0
2559,,,241.0,397.0,household_agent_8,1008.0,41.0,household_agent_9,52.0,41.0,449.0
2560,,,242.0,397.0,household_agent_10,1010.0,41.0,household_agent_9,63.0,41.0,460.0
2561,,,296.0,455.0,household_agent_3,1003.0,41.0,household_agent_9,59.0,41.0,514.0
2562,,,297.0,455.0,household_agent_8,1008.0,41.0,household_agent_9,74.0,41.0,529.0
2563,,,298.0,455.0,household_agent_10,1010.0,41.0,household_agent_9,79.0,41.0,534.0
2564,,,352.0,461.0,household_agent_3,1003.0,41.0,household_agent_9,95.0,41.0,556.0
2565,,,353.0,461.0,household_agent_8,1008.0,41.0,household_agent_9,100.0,41.0,561.0
2566,,,354.0,461.0,household_agent_10,1010.0,41.0,household_agent_9,106.0,41.0,567.0
2567,,,408.0,559.0,household_agent_3,1003.0,41.0,household_agent_9,78.0,41.0,637.0
2568,,,409.0,559.0,household_agent_8,1008.0,41.0,household_agent_9,72.0,41.0,631.0
2569,,,410.0,559.0,household_agent_10,1010.0,41.0,household_agent_9,81.0,41.0,640.0
2570,,,464.0,571.0,household_agent_3,1003.0,41.0,household_agent_9,97.0,41.0,668.0
2571,,,465.0,571.0,household_agent_8,1008.0,41.0,household_agent_9,92.0,41.0,663.0
2572,,,466.0,571.0,household_agent_10,1010.0,41.0,household_agent_9,103.0,41.0,674.0
2573,,,520.0,669.0,household_agent_3,1003.0,41.0,household_agent_9,167.0,123.0,836.0
2574,,,521.0,669.0,household_agent_8,1008.0,41.0,household_agent_9,112.0,82.0,781.0
2575,,,522.0,669.0,household_agent_10,1010.0,41.0,household_agent_9,135.0,82.0,804.0
2576,,,633.0,707.0,household_agent_8,1008.0,41.0,household_agent_9,92.0,41.0,799.0
2577,,,634.0,707.0,household_agent_10,1010.0,41.0,household_agent_9,146.0,41.0,853.0
2578,,,688.0,753.0,household_agent_3,1003.0,41.0,household_agent_9,111.0,41.0,864.0
2579,,,689.0,753.0,household_agent_8,1008.0,41.0,household_agent_9,89.0,41.0,842.0
2580,,,690.0,753.0,household_agent_10,1010.0,41.0,household_agent_9,100.0,41.0,853.0
2581,,,744.0,843.0,household_agent_3,1003.0,41.0,household_agent_9,49.0,41.0,892.0
2582,,,745.0,843.0,household_agent_8,1008.0,41.0,household_agent_9,55.0,41.0,898.0
2583,,,746.0,843.0,household_agent_10,1010.0,41.0,household_agent_9,60.0,41.0,903.0
2584,,,800.0,943.0,household_agent_3,1003.0,41.0,household_agent_9,52.0,41.0,995.0
2585,,,801.0,943.0,household_agent_8,1008.0,41.0,household_agent_9,107.0,41.0,1050.0
2586,,,802.0,943.0,household_agent_10,1010.0,41.0,household_agent_9,107.0,41.0,1050.0
2587,,,856.0,986.0,household_agent_3,1003.0,41.0,household_agent_9,53.0,41.0,1039.0
2588,,,857.0,986.0,household_agent_8,1008.0,41.0,household_agent_9,114.0,41.0,1100.0
2589,,,858.0,986.0,household_agent_10,1010.0,41.0,household_agent_9,124.0,41.0,1110.0
2590,,,912.0,1026.0,household_agent_3,1003.0,41.0,household_agent_9,68.0,41.0,1094.0
2591,,,913.0,1026.0,household_agent_8,1008.0,41.0,household_agent_9,78.0,41.0,1104.0
2592,,,914.0,1026.0,household_agent_10,1010.0,41.0,household_agent_9,85.0,41.0,1111.0
2593,,,968.0,1044.0,household_agent_3,1003.0,41.0,household_agent_9,114.0,41.0,1158.0
2594,,,969.0,1044.0,household_agent_8,1008.0,41.0,household_agent_9,108.0,41.0,1152.0
2595,,,970.0,1044.0,household_agent_10,1010.0,41.0,household_agent_9,131.0,41.0,1175.0
2596,,,1024.0,1104.0,household_agent_3,1003.0,41.0,household_agent_9,94.0,41.0,1198.0
2597,,,1025.0,1104.0,household_agent_8,1008.0,41.0,household_agent_9,61.0,41.0,1165.0
2598,,,1026.0,1104.0,household_agent_10,1010.0,41.0,household_agent_9,78.0,41.0,1182.0
2599,,,1080.0,1148.0,household_agent_3,1003.0,41.0,household_agent_9,100.0,41.0,1248.0
2600,,,1081.0,1148.0,household_agent_8,1008.0,41.0,household_agent_9,100.0,41.0,1248.0
2601,,,1082.0,1148.0,household_agent_10,1010.0,41.0,household_agent_9,95.0,41.0,1243.0
2602,,,1136.0,1205.0,household_agent_3,1003.0,41.0,household_agent_9,81.0,41.0,1286.0
2603,,,1137.0,1205.0,household_agent_8,1008.0,41.0,household_agent_9,55.0,41.0,1260.0
2604,,,1138.0,1205.0,household_agent_10,1010.0,41.0,household_agent_9,104.0,41.0,1309.0
2605,,,1192.0,1211.0,household_agent_3,1003.0,41.0,household_agent_9,118.0,41.0,1329.0
2606,,,1193.0,1211.0,household_agent_8,1008.0,41.0,household_agent_9,92.0,41.0,1303.0
2607,,,1194.0,1211.0,household_agent_10,1010.0,41.0,household_agent_9,150.0,41.0,1361.0
2608,,,1248.0,1286.0,household_agent_3,1003.0,41.0,household_agent_9,62.0,41.0,1348.0
2609,,,1249.0,1286.0,household_agent_8,1008.0,41.0,household_agent_9,68.0,41.0,1354.0
2610,,,1250.0,1286.0,household_agent_10,1010.0,41.0,household_agent_9,86.0,41.0,1372.0
2611,,,1304.0,1357.0,household_agent_3,1003.0,41.0,household_agent_9,51.0,41.0,1408.0
2612,,,1305.0,1357.0,household_agent_8,1008.0,41.0,household_agent_9,51.0,41.0,1408.0
2613,,,1306.0,1357.0,household_agent_10,1010.0,41.0,household_agent_9,73.0,41.0,1430.0
2614,,,1360.0,1406.0,household_agent_3,1003.0,41.0,household_agent_9,55.0,41.0,1461.0
2615,,,1361.0,1406.0,household_agent_8,1008.0,41.0,household_agent_9,60.0,41.0,1466.0
2616,,,1362.0,1406.0,household_agent_10,1010.0,41.0,household_agent_9,65.0,41.0,1471.0
2617,,,1416.0,1470.0,household_agent_3,1003.0,41.0,household_agent_9,51.0,41.0,1521.0
2618,,,1417.0,1470.0,household_agent_8,1008.0,41.0,household_agent_9,60.0,41.0,1530.0
2619,,,1418.0,1470.0,household_agent_10,1010.0,41.0,household_agent_9,65.0,41.0,1535.0
2620,,,1472.0,1570.0,household_agent_3,1003.0,41.0,household_agent_9,56.0,41.0,1626.0
2621,,,1473.0,1570.0,household_agent_8,1008.0,41.0,household_agent_9,67.0,41.0,1637.0
2622,,,1474.0,1570.0,household_agent_10,1010.0,41.0,household_agent_9,78.0,41.0,1648.0
2623,,,1528.0,1621.0,household_agent_3,1003.0,41.0,household_agent_9,70.0,41.0,1691.0
2624,,,1529.0,1621.0,household_agent_8,1008.0,41.0,household_agent_9,52.0,41.0,1673.0
2625,,,1530.0,1621.0,household_agent_10,1010.0,41.0,household_agent_9,72.0,41.0,1693.0
2626,,,1584.0,1704.0,household_agent_3,1003.0,41.0,household_agent_9,55.0,41.0,1759.0
2627,,,1585.0,1704.0,household_agent_8,1008.0,41.0,household_agent_9,113.0,41.0,1817.0
2628,,,1586.0,1704.0,household_agent_10,1010.0,41.0,household_agent_9,131.0,41.0,1835.0
2629,,,1640.0,1744.0,household_agent_3,1003.0,41.0,household_agent_9,135.0,123.0,1879.0
2630,,,1641.0,1744.0,household_agent_8,1008.0,41.0,household_agent_9,112.0,82.0,1856.0
2631,,,1642.0,1744.0,household_agent_10,1010.0,41.0,household_agent_9,161.0,82.0,1905.0
2632,,,1753.0,1787.0,household_agent_8,1008.0,41.0,household_agent_9,74.0,41.0,1861.0
2633,,,1754.0,1787.0,household_agent_10,1010.0,41.0,household_agent_9,159.0,82.0,1946.0
2634,,,1808.0,1789.0,household_agent_3,1003.0,41.0,household_agent_9,157.0,41.0,1946.0
2635,,,1809.0,1789.0,household_agent_8,1008.0,41.0,household_agent_9,105.0,41.0,1894.0
2636,,,1864.0,1873.0,household_agent_3,1003.0,41.0,household_agent_9,85.0,41.0,1958.0
2637,,,1865.0,1873.0,household_agent_8,1008.0,41.0,household_agent_9,50.0,41.0,1923.0
2638,,,1866.0,1873.0,household_agent_10,1010.0,41.0,household_agent_9,100.0,41.0,1973.0
2639,,,1920.0,1881.0,household_agent_3,1003.0,41.0,household_agent_9,111.0,41.0,1992.0
2640,,,1921.0,1881.0,household_agent_8,1008.0,41.0,household_agent_9,88.0,41.0,1969.0
2641,,,1922.0,1881.0,household_agent_10,1010.0,41.0,household_agent_9,139.0,41.0,2020.0
2642,,,1976.0,1979.0,household_agent_3,1003.0,41.0,household_agent_9,100.0,41.0,2079.0
2643,,,1977.0,1979.0,household_agent_8,1008.0,41.0,household_agent_9,96.0,41.0,2075.0
2644,,,1978.0,1979.0,household_agent_10,1010.0,41.0,household_agent_9,92.0,41.0,2071.0
2645,,,2032.0,2009.0,household_agent_3,1003.0,41.0,household_agent_9,80.0,41.0,2089.0
2646,,,2033.0,2009.0,household_agent_8,1008.0,41.0,household_agent_9,86.0,41.0,2095.0
2647,,,2034.0,2009.0,household_agent_10,1010.0,41.0,household_agent_9,108.0,41.0,2117.0
2648,,,2088.0,2030.0,household_agent_3,1003.0,41.0,household_agent_9,132.0,41.0,2162.0
2649,,,2089.0,2030.0,household_agent_8,1008.0,41.0,household_agent_9,101.0,41.0,2131.0
2650,,,2090.0,2030.0,household_agent_10,1010.0,41.0,household_agent_9,126.0,41.0,2156.0
2651,,,2144.0,2090.0,household_agent_3,1003.0,41.0,household_agent_9,77.0,41.0,2167.0
2652,,,2145.0,2090.0,household_agent_8,1008.0,41.0,household_agent_9,63.0,41.0,2153.0
2653,,,2146.0,2090.0,household_agent_10,1010.0,41.0,household_agent_9,95.0,41.0,2185.0
2654,,,2200.0,2162.0,household_agent_3,1003.0,41.0,household_agent_9,68.0,41.0,2230.0
2655,,,2201.0,2162.0,household_agent_8,1008.0,41.0,household_agent_9,56.0,41.0,2218.0
2656,,,2202.0,2162.0,household_agent_10,1010.0,41.0,household_agent_9,84.0,41.0,2246.0
2657,,,2256.0,2167.0,household_agent_3,1003.0,41.0,household_agent_9,114.0,41.0,2281.0
2658,,,2257.0,2167.0,household_agent_8,1008.0,41.0,household_agent_9,77.0,41.0,2244.0
2659,,,2258.0,2167.0,household_agent_10,1010.0,41.0,household_agent_9,140.0,41.0,2307.0
2660,,,2312.0,2239.0,household_agent_3,1003.0,41.0,household_agent_9,116.0,82.0,2355.0
2661,,,2313.0,2239.0,household_agent_8,1008.0,41.0,household_agent_9,85.0,41.0,2324.0
2662,,,2314.0,2239.0,household_agent_10,1010.0,41.0,household_agent_9,137.0,82.0,2376.0
2663,,,2369.0,2253.0,household_agent_8,1008.0,41.0,household_agent_9,112.0,82.0,2365.0
2664,,,2424.0,2269.0,household_agent_3,1003.0,41.0,household_agent_9,137.0,41.0,2406.0
2665,,,2426.0,2269.0,household_agent_10,1010.0,41.0,household_agent_9,162.0,41.0,2431.0
2666,,,2480.0,2336.0,household_agent_3,1003.0,41.0,household_agent_9,89.0,41.0,2425.0
2667,,,2481.0,2336.0,household_agent_8,1008.0,41.0,household_agent_9,85.0,41.0,2421.0
2668,,,2482.0,2336.0,household_agent_10,1010.0,41.0,household_agent_9,105.0,41.0,2441.0
2669,,,2536.0,2368.0,household_agent_3,1003.0,41.0,household_agent_9,96.0,41.0,2464.0
2670,,,2537.0,2368.0,household_agent_8,1008.0,41.0,household_agent_9,107.0,41.0,2475.0
2671,,,2538.0,2368.0,household_agent_10,1010.0,41.0,household_agent_9,111.0,41.0,2479.0
2672,,,2592.0,2417.0,household_agent_3,1003.0,41.0,household_agent_9,56.0,41.0,2473.0
2673,,,2593.0,2417.0,household_agent_8,1008.0,41.0,household_agent_9,68.0,41.0,2485.0
2674,,,2594.0,2417.0,household_agent_10,1010.0,41.0,household_agent_9,81.0,41.0,2498.0
2675,,,2648.0,2489.0,household_agent_3,1003.0,41.0,household_agent_9,56.0,41.0,2545.0
2676,,,2649.0,2489.0,household_agent_8,1008.0,41.0,household_agent_9,60.0,41.0,2549.0
2677,,,2650.0,2489.0,household_agent_10,1010.0,41.0,household_agent_9,68.0,41.0,2557.0
2678,,,2704.0,2569.0,household_agent_3,1003.0,41.0,household_agent_9,53.0,41.0,2622.0
2679,,,2705.0,2569.0,household_agent_8,1008.0,41.0,household_agent_9,64.0,41.0,2633.0
2680,,,2706.0,2569.0,household_agent_10,1010.0,41.0,household_agent_9,69.0,41.0,2638.0
2681,,,2760.0,2640.0,household_agent_3,1003.0,41.0,household_agent_9,139.0,82.0,2779.0
2682,,,2761.0,2640.0,household_agent_8,1008.0,41.0,household_agent_9,84.0,41.0,2724.0
2683,,,2762.0,2640.0,household_agent_10,1010.0,41.0,household_agent_9,94.0,41.0,2734.0
2684,,,2817.0,2652.0,household_agent_8,1008.0,41.0,household_agent_9,117.0,41.0,2769.0
2685,,,2818.0,2652.0,household_agent_10,1010.0,41.0,household_agent_9,115.0,41.0,2767.0
2686,,,2872.0,2699.0,household_agent_3,1003.0,41.0,household_agent_9,108.0,41.0,2807.0
2687,,,2873.0,2699.0,household_agent_8,1008.0,41.0,household_agent_9,95.0,41.0,2794.0
2688,,,2874.0,2699.0,household_agent_10,1010.0,41.0,household_agent_9,90.0,41.0,2789.0
2689,,,2928.0,2799.0,household_agent_3,1003.0,41.0,household_agent_9,51.0,41.0,2850.0
2690,,,2929.0,2799.0,household_agent_8,1008.0,41.0,household_agent_9,99.0,41.0,2898.0
2691,,,2930.0,2799.0,household_agent_10,1010.0,41.0,household_agent_9,115.0,41.0,2914.0
2692,,,2984.0,2839.0,household_agent_3,1003.0,41.0,household_agent_9,85.0,41.0,2924.0
2693,,,2985.0,2839.0,household_agent_8,1008.0,41.0,household_agent_9,91.0,41.0,2930.0
2694,,,2986.0,2839.0,household_agent_10,1010.0,41.0,household_agent_9,103.0,41.0,2942.0
2695,,,3040.0,2873.0,household_agent_3,1003.0,41.0,household_agent_9,87.0,41.0,2960.0
2696,,,3041.0,2873.0,household_agent_8,1008.0,41.0,household_agent_9,64.0,41.0,2937.0
2697,,,3042.0,2873.0,household_agent_10,1010.0,41.0,household_agent_9,101.0,41.0,2974.0
2698,,,3096.0,2968.0,household_agent_3,1003.0,41.0,household_agent_9,50.0,41.0,3018.0
2699,,,3097.0,2968.0,household_agent_8,1008.0,41.0,household_agent_9,106.0,41.0,3074.0
2700,,,3098.0,2968.0,household_agent_10,1010.0,41.0,household_agent_9,122.0,41.0,3090.0
2701,,,3152.0,3002.0,household_agent_3,1003.0,41.0,household_agent_9,114.0,41.0,3116.0
2702,,,3153.0,3002.0,household_agent_8,1008.0,41.0,household_agent_9,97.0,41.0,3099.0
2703,,,3154.0,3002.0,household_agent_10,1010.0,41.0,household_agent_9,126.0,41.0,3128.0
2704,,,3208.0,3045.0,household_agent_3,1003.0,41.0,household_agent_9,107.0,41.0,3152.0
2705,,,3209.0,3045.0,household_agent_8,1008.0,41.0,household_agent_9,93.0,41.0,3138.0
2706,,,3210.0,3045.0,household_agent_10,1010.0,41.0,household_agent_9,118.0,41.0,3163.0
2707,,,3264.0,3096.0,household_agent_3,1003.0,41.0,household_agent_9,80.0,41.0,3176.0
2708,,,3265.0,3096.0,household_agent_8,1008.0,41.0,household_agent_9,63.0,41.0,3159.0
2709,,,3266.0,3096.0,household_agent_10,1010.0,41.0,household_agent_9,114.0,41.0,3210.0
2710,,,3320.0,3161.0,household_agent_3,1003.0,41.0,household_agent_9,90.0,41.0,3251.0
2711,,,3321.0,3161.0,household_agent_8,1008.0,41.0,household_agent_9,69.0,41.0,3230.0
2712,,,3322.0,3161.0,household_agent_10,1010.0,41.0,household_agent_9,108.0,41.0,3269.0
2713,,,3376.0,3188.0,household_agent_3,1003.0,41.0,household_agent_9,105.0,41.0,3293.0
2714,,,3377.0,3188.0,household_agent_8,1008.0,41.0,household_agent_9,75.0,41.0,3263.0
2715,,,3378.0,3188.0,household_agent_10,1010.0,41.0,household_agent_9,119.0,41.0,3307.0
2716,,,3432.0,3275.0,household_agent_3,1003.0,41.0,household_agent_9,62.0,41.0,3337.0
2717,,,3433.0,3275.0,household_agent_8,1008.0,41.0,household_agent_9,68.0,41.0,3343.0
2718,,,3434.0,3275.0,household_agent_10,1010.0,41.0,household_agent_9,77.0,41.0,3352.0
2719,,,3488.0,3345.0,household_agent_3,1003.0,41.0,household_agent_9,81.0,41.0,3426.0
2720,,,3489.0,3345.0,household_agent_8,1008.0,41.0,household_agent_9,63.0,41.0,3408.0
2721,,,3490.0,3345.0,household_agent_10,1010.0,41.0,household_agent_9,69.0,41.0,3414.0
2722,,,3544.0,3353.0,household_agent_3,1003.0,41.0,household_agent_9,100.0,41.0,3453.0
2723,,,3545.0,3353.0,household_agent_8,1008.0,41.0,household_agent_9,96.0,41.0,3449.0
2724,,,3546.0,3353.0,household_agent_10,1010.0,41.0,household_agent_9,106.0,41.0,3459.0
2725,,,3600.0,3433.0,household_agent_3,1003.0,41.0,household_agent_9,61.0,41.0,3494.0
2726,,,3601.0,3433.0,household_agent_8,1008.0,41.0,household_agent_9,66.0,41.0,3499.0
2727,,,3602.0,3433.0,household_agent_10,1010.0,41.0,household_agent_9,83.0,41.0,3516.0
2728,,,3656.0,3526.0,household_agent_3,1003.0,41.0,household_agent_9,51.0,41.0,3577.0
2729,,,3657.0,3526.0,household_agent_8,1008.0,41.0,household_agent_9,62.0,41.0,3588.0
2730,,,3658.0,3526.0,household_agent_10,1010.0,41.0,household_agent_9,67.0,41.0,3593.0
2731,,,3712.0,3617.0,household_agent_3,1003.0,41.0,household_agent_9,54.0,41.0,3671.0
2732,,,3713.0,3617.0,household_agent_8,1008.0,41.0,household_agent_9,59.0,41.0,3676.0
2733,,,3714.0,3617.0,household_agent_10,1010.0,41.0,household_agent_9,65.0,41.0,3682.0
2734,,,3768.0,3676.0,household_agent_3,1003.0,41.0,household_agent_9,51.0,41.0,3727.0
2735,,,3769.0,3676.0,household_agent_8,1008.0,41.0,household_agent_9,84.0,41.0,3760.0
2736,,,3770.0,3676.0,household_agent_10,1010.0,41.0,household_agent_9,111.0,41.0,3787.0
2737,,,3824.0,3709.0,household_agent_3,1003.0,41.0,household_agent_9,108.0,41.0,3817.0
2738,,,3825.0,3709.0,household_agent_8,1008.0,41.0,household_agent_9,84.0,41.0,3793.0
2739,,,3826.0,3709.0,household_agent_10,1010.0,41.0,household_agent_9,117.0,41.0,3826.0
2740,,,3880.0,3765.0,household_agent_3,1003.0,41.0,household_agent_9,84.0,41.0,3849.0
2741,,,3881.0,3765.0,household_agent_8,1008.0,41.0,household_agent_9,63.0,41.0,3828.0
2742,,,3882.0,3765.0,household_agent_10,1010.0,41.0,household_agent_9,73.0,41.0,3838.0
2743,,,3936.0,3849.0,household_agent_3,1003.0,41.0,household_agent_9,49.0,41.0,3898.0
2744,,,3937.0,3849.0,household_agent_8,1008.0,41.0,household_agent_9,65.0,41.0,3914.0
2745,,,3938.0,3849.0,household_agent_10,1010.0,41.0,household_agent_9,76.0,41.0,3925.0
2746,,,3992.0,3945.0,household_agent_3,1003.0,41.0,household_agent_9,54.0,41.0,3999.0
2747,,,3993.0,3945.0,household_agent_8,1008.0,41.0,household_agent_9,70.0,41.0,4015.0
2748,,,3994.0,3945.0,household_agent_10,1010.0,41.0,household_agent_9,59.0,41.0,4004.0
2749,,,4048.0,4033.0,household_agent_3,1003.0,41.0,household_agent_9,53.0,41.0,4086.0
2750,,,4049.0,4033.0,household_agent_8,1008.0,41.0,household_agent_9,59.0,41.0,4092.0
2751,,,4050.0,4033.0,household_agent_10,1010.0,41.0,household_agent_9,64.0,41.0,4097.0
2752,,,4104.0,4118.0,household_agent_3,1003.0,41.0,household_agent_9,53.0,41.0,4171.0
2753,,,4105.0,4118.0,household_agent_8,1008.0,41.0,household_agent_9,116.0,41.0,4234.0
2754,,,4106.0,4118.0,household_agent_10,1010.0,41.0,household_agent_9,94.0,41.0,4212.0
2755,,,4160.0,4153.0,household_agent_3,1003.0,41.0,household_agent_9,75.0,41.0,4228.0
2756,,,4161.0,4153.0,household_agent_8,1008.0,41.0,household_agent_9,86.0,41.0,4239.0
2757,,,4162.0,4153.0,household_agent_10,1010.0,41.0,household_agent_9,97.0,41.0,4250.0
2758,,,4216.0,4175.0,household_agent_3,1003.0,41.0,household_agent_9,133.0,41.0,4308.0
2759,,,4217.0,4175.0,household_agent_8,1008.0,41.0,household_agent_9,107.0,41.0,4282.0
2760,,,4218.0,4175.0,household_agent_10,1010.0,41.0,household_agent_9,125.0,41.0,4300.0
2761,,,4272.0,4245.0,household_agent_3,1003.0,41.0,household_agent_9,113.0,41.0,4358.0
2762,,,4273.0,4245.0,household_agent_8,1008.0,41.0,household_agent_9,85.0,41.0,4330.0
2763,,,4274.0,4245.0,household_agent_10,1010.0,41.0,household_agent_9,123.0,82.0,4368.0
2764,,,4328.0,4262.0,household_agent_3,1003.0,41.0,household_agent_9,135.0,82.0,4397.0
2765,,,4329.0,4262.0,household_agent_8,1008.0,41.0,household_agent_9,75.0,41.0,4337.0
2766,,,4385.0,4279.0,household_agent_8,1008.0,41.0,household_agent_9,92.0,41.0,4371.0
2767,,,4386.0,4279.0,household_agent_10,1010.0,41.0,household_agent_9,155.0,41.0,4434.0
2768,,,4440.0,4333.0,household_agent_3,1003.0,41.0,household_agent_9,87.0,41.0,4420.0
2769,,,4441.0,4333.0,household_agent_8,1008.0,41.0,household_agent_9,85.0,41.0,4418.0
2770,,,4442.0,4333.0,household_agent_10,1010.0,41.0,household_agent_9,106.0,41.0,4439.0
2771,,,4496.0,4366.0,household_agent_3,1003.0,41.0,household_agent_9,118.0,41.0,4484.0
2772,,,4497.0,4366.0,household_agent_8,1008.0,41.0,household_agent_9,85.0,41.0,4451.0
2773,,,4498.0,4366.0,household_agent_10,1010.0,41.0,household_agent_9,106.0,41.0,4472.0
2774,,,4552.0,4416.0,household_agent_3,1003.0,41.0,household_agent_9,78.0,41.0,4494.0
2775,,,4553.0,4416.0,household_agent_8,1008.0,41.0,household_agent_9,45.0,41.0,4461.0
2776,,,4554.0,4416.0,household_agent_10,1010.0,41.0,household_agent_9,101.0,41.0,4517.0
2777,,,4608.0,4488.0,household_agent_3,1003.0,41.0,household_agent_9,64.0,41.0,4552.0
2778,,,4609.0,4488.0,household_agent_8,1008.0,41.0,household_agent_9,63.0,41.0,4551.0
2779,,,4610.0,4488.0,household_agent_10,1010.0,41.0,household_agent_9,75.0,41.0,4563.0
2780,,,4664.0,4494.0,household_agent_3,1003.0,41.0,household_agent_9,88.0,41.0,4582.0
2781,,,4665.0,4494.0,household_agent_8,1008.0,41.0,household_agent_9,93.0,41.0,4587.0
2782,,,4666.0,4494.0,household_agent_10,1010.0,41.0,household_agent_9,98.0,41.0,4592.0
2783,,,4720.0,4591.0,household_agent_3,1003.0,41.0,household_agent_9,51.0,41.0,4642.0
2784,,,4721.0,4591.0,household_agent_8,1008.0,41.0,household_agent_9,56.0,41.0,4647.0
2785,,,4722.0,4591.0,household_agent_10,1010.0,41.0,household_agent_9,62.0,41.0,4653.0
2786,,,4776.0,4647.0,household_agent_3,1003.0,41.0,household_agent_9,47.0,41.0,4694.0
2787,,,4777.0,4647.0,household_agent_8,1008.0,41.0,household_agent_9,56.0,41.0,4703.0
2788,,,4778.0,4647.0,household_agent_10,1010.0,41.0,household_agent_9,64.0,41.0,4711.0
2789,,,4832.0,4714.0,household_agent_3,1003.0,41.0,household_agent_9,78.0,41.0,4792.0
2790,,,4833.0,4714.0,household_agent_8,1008.0,41.0,household_agent_9,73.0,41.0,4787.0
2791,,,4834.0,4714.0,household_agent_10,1010.0,41.0,household_agent_9,89.0,41.0,4803.0
2792,,,4888.0,4718.0,household_agent_3,1003.0,41.0,household_agent_9,118.0,41.0,4836.0
2793,,,4889.0,4718.0,household_agent_8,1008.0,41.0,household_agent_9,108.0,41.0,4826.0
2794,,,4890.0,4718.0,household_agent_10,1010.0,41.0,household_agent_9,146.0,41.0,4864.0
2795,,,4944.0,4796.0,household_agent_3,1003.0,41.0,household_agent_9,51.0,41.0,4847.0
2796,,,4945.0,4796.0,household_agent_8,1008.0,41.0,household_agent_9,63.0,41.0,4859.0
2797,,,4946.0,4796.0,household_agent_10,1010.0,41.0,household_agent_9,68.0,41.0,4864.0
2798,,,5000.0,4885.0,household_agent_3,1003.0,41.0,household_agent_9,53.0,41.0,4938.0
2799,,,5001.0,4885.0,household_agent_8,1008.0,41.0,household_agent_9,64.0,41.0,4949.0
2800,,,5002.0,4885.0,household_agent_10,1010.0,41.0,household_agent_9,83.0,41.0,4968.0
2801,,,5056.0,4945.0,household_agent_3,1003.0,41.0,household_agent_9,51.0,41.0,4996.0
2802,,,5057.0,4945.0,household_agent_8,1008.0,41.0,household_agent_9,56.0,41.0,5001.0
2803,,,5058.0,4945.0,household_agent_10,1010.0,41.0,household_agent_9,63.0,41.0,5008.0
2804,,,5112.0,5015.0,household_agent_3,1003.0,41.0,household_agent_9,85.0,41.0,5100.0
2805,,,5113.0,5015.0,household_agent_8,1008.0,41.0,household_agent_9,102.0,41.0,5117.0
2806,,,5114.0,5015.0,household_agent_10,1010.0,41.0,household_agent_9,79.0,41.0,5094.0
2807,,,5168.0,5034.0,household_agent_3,1003.0,41.0,household_agent_9,141.0,41.0,5175.0
2808,,,5169.0,5034.0,household_agent_8,1008.0,41.0,household_agent_9,119.0,41.0,5153.0
2809,,,5170.0,5034.0,household_agent_10,1010.0,41.0,household_agent_9,94.0,41.0,5128.0
2810,,,5224.0,5092.0,household_agent_3,1003.0,41.0,household_agent_9,88.0,41.0,5180.0
2811,,,5225.0,5092.0,household_agent_8,1008.0,41.0,household_agent_9,75.0,41.0,5167.0
2812,,,5226.0,5092.0,household_agent_10,1010.0,41.0,household_agent_9,94.0,41.0,5186.0
2813,,,46.0,127.0,household_agent_9,1009.0,41.0,household_agent_10,56.0,41.0,183.0
2814,,,47.0,127.0,household_agent_11,1011.0,41.0,household_agent_10,61.0,41.0,188.0
2815,,,48.0,127.0,household_agent_12,1012.0,41.0,household_agent_10,67.0,41.0,194.0
2816,,,102.0,205.0,household_agent_9,1009.0,41.0,household_agent_10,57.0,41.0,262.0
2817,,,103.0,205.0,household_agent_11,1011.0,41.0,household_agent_10,72.0,41.0,277.0
2818,,,104.0,205.0,household_agent_12,1012.0,41.0,household_agent_10,81.0,41.0,286.0
2819,,,158.0,253.0,household_agent_9,1009.0,41.0,household_agent_10,55.0,41.0,308.0
2820,,,159.0,253.0,household_agent_11,1011.0,41.0,household_agent_10,66.0,41.0,319.0
2821,,,160.0,253.0,household_agent_12,1012.0,41.0,household_agent_10,94.0,41.0,347.0
2822,,,214.0,303.0,household_agent_9,1009.0,41.0,household_agent_10,62.0,41.0,365.0
2823,,,215.0,303.0,household_agent_11,1011.0,41.0,household_agent_10,64.0,41.0,367.0
2824,,,216.0,303.0,household_agent_12,1012.0,41.0,household_agent_10,87.0,41.0,390.0
2825,,,270.0,397.0,household_agent_9,1009.0,41.0,household_agent_10,82.0,41.0,479.0
2826,,,271.0,397.0,household_agent_11,1011.0,41.0,household_agent_10,64.0,41.0,461.0
2827,,,272.0,397.0,household_agent_12,1012.0,41.0,household_agent_10,64.0,41.0,461.0
2828,,,326.0,455.0,household_agent_9,1009.0,41.0,household_agent_10,65.0,41.0,520.0
2829,,,327.0,455.0,household_agent_11,1011.0,41.0,household_agent_10,79.0,41.0,534.0
2830,,,328.0,455.0,household_agent_12,1012.0,41.0,household_agent_10,87.0,41.0,542.0
2831,,,382.0,461.0,household_agent_9,1009.0,41.0,household_agent_10,92.0,41.0,553.0
2832,,,383.0,461.0,household_agent_11,1011.0,41.0,household_agent_10,115.0,41.0,576.0
2833,,,384.0,461.0,household_agent_12,1012.0,41.0,household_agent_10,134.0,41.0,595.0
2834,,,438.0,559.0,household_agent_9,1009.0,41.0,household_agent_10,61.0,41.0,620.0
2835,,,439.0,559.0,household_agent_11,1011.0,41.0,household_agent_10,71.0,41.0,630.0
2836,,,440.0,559.0,household_agent_12,1012.0,41.0,household_agent_10,77.0,41.0,636.0
2837,,,494.0,571.0,household_agent_9,1009.0,41.0,household_agent_10,89.0,41.0,660.0
2838,,,495.0,571.0,household_agent_11,1011.0,41.0,household_agent_10,95.0,41.0,666.0
2839,,,496.0,571.0,household_agent_12,1012.0,41.0,household_agent_10,100.0,41.0,671.0
2840,,,550.0,669.0,household_agent_9,1009.0,41.0,household_agent_10,66.0,41.0,735.0
2841,,,551.0,669.0,household_agent_11,1011.0,41.0,household_agent_10,99.0,82.0,768.0
2842,,,552.0,669.0,household_agent_12,1012.0,41.0,household_agent_10,117.0,82.0,786.0
2843,,,606.0,670.0,household_agent_9,1009.0,41.0,household_agent_10,93.0,41.0,763.0
2844,,,662.0,707.0,household_agent_9,1009.0,41.0,household_agent_10,124.0,41.0,831.0
2845,,,663.0,707.0,household_agent_11,1011.0,41.0,household_agent_10,103.0,41.0,810.0
2846,,,664.0,707.0,household_agent_12,1012.0,41.0,household_agent_10,107.0,41.0,814.0
2847,,,718.0,753.0,household_agent_9,1009.0,41.0,household_agent_10,83.0,41.0,836.0
2848,,,719.0,753.0,household_agent_11,1011.0,41.0,household_agent_10,58.0,41.0,811.0
2849,,,720.0,753.0,household_agent_12,1012.0,41.0,household_agent_10,94.0,41.0,847.0
2850,,,774.0,843.0,household_agent_9,1009.0,41.0,household_agent_10,78.0,41.0,921.0
2851,,,775.0,843.0,household_agent_11,1011.0,41.0,household_agent_10,62.0,41.0,905.0
2852,,,776.0,843.0,household_agent_12,1012.0,41.0,household_agent_10,67.0,41.0,910.0
2853,,,830.0,943.0,household_agent_9,1009.0,41.0,household_agent_10,50.0,41.0,993.0
2854,,,831.0,943.0,household_agent_11,1011.0,41.0,household_agent_10,61.0,41.0,1004.0
2855,,,832.0,943.0,household_agent_12,1012.0,41.0,household_agent_10,67.0,41.0,1010.0
2856,,,886.0,986.0,household_agent_9,1009.0,41.0,household_agent_10,56.0,41.0,1042.0
2857,,,887.0,986.0,household_agent_11,1011.0,41.0,household_agent_10,100.0,41.0,1086.0
2858,,,888.0,986.0,household_agent_12,1012.0,41.0,household_agent_10,122.0,41.0,1108.0
2859,,,942.0,1026.0,household_agent_9,1009.0,41.0,household_agent_10,71.0,41.0,1097.0
2860,,,943.0,1026.0,household_agent_11,1011.0,41.0,household_agent_10,76.0,41.0,1102.0
2861,,,944.0,1026.0,household_agent_12,1012.0,41.0,household_agent_10,94.0,41.0,1120.0
2862,,,998.0,1044.0,household_agent_9,1009.0,41.0,household_agent_10,98.0,41.0,1142.0
2863,,,999.0,1044.0,household_agent_11,1011.0,41.0,household_agent_10,86.0,41.0,1130.0
2864,,,1000.0,1044.0,household_agent_12,1012.0,41.0,household_agent_10,131.0,41.0,1175.0
2865,,,1054.0,1104.0,household_agent_9,1009.0,41.0,household_agent_10,52.0,41.0,1156.0
2866,,,1055.0,1104.0,household_agent_11,1011.0,41.0,household_agent_10,60.0,41.0,1164.0
2867,,,1056.0,1104.0,household_agent_12,1012.0,41.0,household_agent_10,71.0,41.0,1175.0
2868,,,1110.0,1148.0,household_agent_9,1009.0,41.0,household_agent_10,58.0,41.0,1206.0
2869,,,1111.0,1148.0,household_agent_11,1011.0,41.0,household_agent_10,69.0,41.0,1217.0
2870,,,1112.0,1148.0,household_agent_12,1012.0,41.0,household_agent_10,91.0,41.0,1239.0
2871,,,1166.0,1205.0,household_agent_9,1009.0,41.0,household_agent_10,82.0,41.0,1287.0
2872,,,1167.0,1205.0,household_agent_11,1011.0,41.0,household_agent_10,68.0,41.0,1273.0
2873,,,1168.0,1205.0,household_agent_12,1012.0,41.0,household_agent_10,108.0,41.0,1313.0
2874,,,1222.0,1211.0,household_agent_9,1009.0,41.0,household_agent_10,115.0,41.0,1326.0
2875,,,1223.0,1211.0,household_agent_11,1011.0,41.0,household_agent_10,99.0,41.0,1310.0
2876,,,1224.0,1211.0,household_agent_12,1012.0,41.0,household_agent_10,139.0,41.0,1350.0
2877,,,1278.0,1286.0,household_agent_9,1009.0,41.0,household_agent_10,64.0,41.0,1350.0
2878,,,1279.0,1286.0,household_agent_11,1011.0,41.0,household_agent_10,53.0,41.0,1339.0
2879,,,1280.0,1286.0,household_agent_12,1012.0,41.0,household_agent_10,74.0,41.0,1360.0
2880,,,1334.0,1357.0,household_agent_9,1009.0,41.0,household_agent_10,47.0,41.0,1404.0
2881,,,1335.0,1357.0,household_agent_11,1011.0,41.0,household_agent_10,58.0,41.0,1415.0
2882,,,1336.0,1357.0,household_agent_12,1012.0,41.0,household_agent_10,69.0,41.0,1426.0
2883,,,1390.0,1406.0,household_agent_9,1009.0,41.0,household_agent_10,59.0,41.0,1465.0
2884,,,1391.0,1406.0,household_agent_11,1011.0,41.0,household_agent_10,58.0,41.0,1464.0
2885,,,1392.0,1406.0,household_agent_12,1012.0,41.0,household_agent_10,64.0,41.0,1470.0
2886,,,1446.0,1470.0,household_agent_9,1009.0,41.0,household_agent_10,46.0,41.0,1516.0
2887,,,1447.0,1470.0,household_agent_11,1011.0,41.0,household_agent_10,78.0,41.0,1548.0
2888,,,1448.0,1470.0,household_agent_12,1012.0,41.0,household_agent_10,65.0,41.0,1535.0
2889,,,1502.0,1570.0,household_agent_9,1009.0,41.0,household_agent_10,56.0,41.0,1626.0
2890,,,1503.0,1570.0,household_agent_11,1011.0,41.0,household_agent_10,67.0,41.0,1637.0
2891,,,1504.0,1570.0,household_agent_12,1012.0,41.0,household_agent_10,79.0,41.0,1649.0
2892,,,1558.0,1621.0,household_agent_9,1009.0,41.0,household_agent_10,50.0,41.0,1671.0
2893,,,1559.0,1621.0,household_agent_11,1011.0,41.0,household_agent_10,55.0,41.0,1676.0
2894,,,1560.0,1621.0,household_agent_12,1012.0,41.0,household_agent_10,63.0,41.0,1684.0
2895,,,1614.0,1704.0,household_agent_9,1009.0,41.0,household_agent_10,49.0,41.0,1753.0
2896,,,1615.0,1704.0,household_agent_11,1011.0,41.0,household_agent_10,72.0,41.0,1776.0
2897,,,1616.0,1704.0,household_agent_12,1012.0,41.0,household_agent_10,81.0,41.0,1785.0
2898,,,1670.0,1744.0,household_agent_9,1009.0,41.0,household_agent_10,110.0,82.0,1854.0
2899,,,1671.0,1744.0,household_agent_11,1011.0,41.0,household_agent_10,122.0,123.0,1866.0
2900,,,1672.0,1744.0,household_agent_12,1012.0,41.0,household_agent_10,134.0,123.0,1878.0
2901,,,1782.0,1787.0,household_agent_9,1009.0,41.0,household_agent_10,139.0,82.0,1926.0
2902,,,1839.0,1789.0,household_agent_11,1011.0,41.0,household_agent_10,117.0,41.0,1906.0
2903,,,1840.0,1789.0,household_agent_12,1012.0,41.0,household_agent_10,126.0,41.0,1915.0
2904,,,1894.0,1873.0,household_agent_9,1009.0,41.0,household_agent_10,91.0,41.0,1964.0
2905,,,1895.0,1873.0,household_agent_11,1011.0,41.0,household_agent_10,76.0,41.0,1949.0
2906,,,1896.0,1873.0,household_agent_12,1012.0,41.0,household_agent_10,78.0,41.0,1951.0
2907,,,1950.0,1881.0,household_agent_9,1009.0,41.0,household_agent_10,110.0,41.0,1991.0
2908,,,1951.0,1881.0,household_agent_11,1011.0,41.0,household_agent_10,99.0,41.0,1980.0
2909,,,1952.0,1881.0,household_agent_12,1012.0,41.0,household_agent_10,104.0,41.0,1985.0
2910,,,2006.0,1979.0,household_agent_9,1009.0,41.0,household_agent_10,85.0,41.0,2064.0
2911,,,2007.0,1979.0,household_agent_11,1011.0,41.0,household_agent_10,116.0,82.0,2095.0
2912,,,2008.0,1979.0,household_agent_12,1012.0,41.0,household_agent_10,127.0,41.0,2106.0
2913,,,2062.0,2009.0,household_agent_9,1009.0,41.0,household_agent_10,76.0,41.0,2085.0
2914,,,2064.0,2009.0,household_agent_12,1012.0,41.0,household_agent_10,111.0,41.0,2120.0
2915,,,2118.0,2030.0,household_agent_9,1009.0,41.0,household_agent_10,110.0,41.0,2140.0
2916,,,2119.0,2030.0,household_agent_11,1011.0,41.0,household_agent_10,115.0,41.0,2145.0
2917,,,2120.0,2030.0,household_agent_12,1012.0,41.0,household_agent_10,124.0,41.0,2154.0
2918,,,2174.0,2090.0,household_agent_9,1009.0,41.0,household_agent_10,50.0,41.0,2140.0
2919,,,2175.0,2090.0,household_agent_11,1011.0,41.0,household_agent_10,59.0,41.0,2149.0
2920,,,2176.0,2090.0,household_agent_12,1012.0,41.0,household_agent_10,69.0,41.0,2159.0
2921,,,2230.0,2162.0,household_agent_9,1009.0,41.0,household_agent_10,64.0,41.0,2226.0
2922,,,2231.0,2162.0,household_agent_11,1011.0,41.0,household_agent_10,58.0,41.0,2220.0
2923,,,2232.0,2162.0,household_agent_12,1012.0,41.0,household_agent_10,75.0,41.0,2237.0
2924,,,2286.0,2167.0,household_agent_9,1009.0,41.0,household_agent_10,99.0,41.0,2266.0
2925,,,2287.0,2167.0,household_agent_11,1011.0,41.0,household_agent_10,87.0,41.0,2254.0
2926,,,2288.0,2167.0,household_agent_12,1012.0,41.0,household_agent_10,131.0,41.0,2298.0
2927,,,2342.0,2239.0,household_agent_9,1009.0,41.0,household_agent_10,88.0,41.0,2327.0
2928,,,2343.0,2239.0,household_agent_11,1011.0,41.0,household_agent_10,93.0,82.0,2332.0
2929,,,2344.0,2239.0,household_agent_12,1012.0,41.0,household_agent_10,124.0,82.0,2363.0
2930,,,2398.0,2253.0,household_agent_9,1009.0,41.0,household_agent_10,145.0,82.0,2398.0
2931,,,2455.0,2269.0,household_agent_11,1011.0,41.0,household_agent_10,93.0,41.0,2362.0
2932,,,2456.0,2269.0,household_agent_12,1012.0,41.0,household_agent_10,141.0,41.0,2410.0
2933,,,2510.0,2336.0,household_agent_9,1009.0,41.0,household_agent_10,75.0,41.0,2411.0
2934,,,2511.0,2336.0,household_agent_11,1011.0,41.0,household_agent_10,78.0,41.0,2414.0
2935,,,2512.0,2336.0,household_agent_12,1012.0,41.0,household_agent_10,143.0,41.0,2479.0
2936,,,2566.0,2368.0,household_agent_9,1009.0,41.0,household_agent_10,95.0,41.0,2463.0
2937,,,2567.0,2368.0,household_agent_11,1011.0,41.0,household_agent_10,79.0,41.0,2447.0
2938,,,2568.0,2368.0,household_agent_12,1012.0,41.0,household_agent_10,155.0,41.0,2523.0
2939,,,2622.0,2417.0,household_agent_9,1009.0,41.0,household_agent_10,56.0,41.0,2473.0
2940,,,2623.0,2417.0,household_agent_11,1011.0,41.0,household_agent_10,82.0,41.0,2499.0
2941,,,2624.0,2417.0,household_agent_12,1012.0,41.0,household_agent_10,141.0,41.0,2558.0
2942,,,2678.0,2489.0,household_agent_9,1009.0,41.0,household_agent_10,47.0,41.0,2536.0
2943,,,2679.0,2489.0,household_agent_11,1011.0,41.0,household_agent_10,58.0,41.0,2547.0
2944,,,2680.0,2489.0,household_agent_12,1012.0,41.0,household_agent_10,71.0,41.0,2560.0
2945,,,2734.0,2569.0,household_agent_9,1009.0,41.0,household_agent_10,57.0,41.0,2626.0
2946,,,2735.0,2569.0,household_agent_11,1011.0,41.0,household_agent_10,60.0,41.0,2629.0
2947,,,2736.0,2569.0,household_agent_12,1012.0,41.0,household_agent_10,66.0,41.0,2635.0
2948,,,2790.0,2640.0,household_agent_9,1009.0,41.0,household_agent_10,67.0,41.0,2707.0
2949,,,2791.0,2640.0,household_agent_11,1011.0,41.0,household_agent_10,81.0,41.0,2721.0
2950,,,2792.0,2640.0,household_agent_12,1012.0,41.0,household_agent_10,88.0,41.0,2728.0
2951,,,2846.0,2652.0,household_agent_9,1009.0,41.0,household_agent_10,113.0,41.0,2765.0
2952,,,2847.0,2652.0,household_agent_11,1011.0,41.0,household_agent_10,118.0,41.0,2770.0
2953,,,2848.0,2652.0,household_agent_12,1012.0,41.0,household_agent_10,139.0,41.0,2791.0
2954,,,2902.0,2699.0,household_agent_9,1009.0,41.0,household_agent_10,79.0,41.0,2778.0
2955,,,2903.0,2699.0,household_agent_11,1011.0,41.0,household_agent_10,88.0,41.0,2787.0
2956,,,2904.0,2699.0,household_agent_12,1012.0,41.0,household_agent_10,99.0,41.0,2798.0
2957,,,2958.0,2799.0,household_agent_9,1009.0,41.0,household_agent_10,57.0,41.0,2856.0
2958,,,2959.0,2799.0,household_agent_11,1011.0,41.0,household_agent_10,102.0,41.0,2901.0
2959,,,2960.0,2799.0,household_agent_12,1012.0,41.0,household_agent_10,109.0,41.0,2908.0
2960,,,3014.0,2839.0,household_agent_9,1009.0,41.0,household_agent_10,94.0,41.0,2933.0
2961,,,3015.0,2839.0,household_agent_11,1011.0,41.0,household_agent_10,100.0,41.0,2939.0
2962,,,3016.0,2839.0,household_agent_12,1012.0,41.0,household_agent_10,100.0,41.0,2939.0
2963,,,3070.0,2873.0,household_agent_9,1009.0,41.0,household_agent_10,91.0,41.0,2964.0
2964,,,3071.0,2873.0,household_agent_11,1011.0,41.0,household_agent_10,101.0,41.0,2974.0
2965,,,3072.0,2873.0,household_agent_12,1012.0,41.0,household_agent_10,96.0,41.0,2969.0
2966,,,3126.0,2968.0,household_agent_9,1009.0,41.0,household_agent_10,45.0,41.0,3013.0
2967,,,3127.0,2968.0,household_agent_11,1011.0,41.0,household_agent_10,96.0,41.0,3064.0
2968,,,3128.0,2968.0,household_agent_12,1012.0,41.0,household_agent_10,114.0,41.0,3082.0
2969,,,3182.0,3002.0,household_agent_9,1009.0,41.0,household_agent_10,57.0,41.0,3059.0
2970,,,3183.0,3002.0,household_agent_11,1011.0,41.0,household_agent_10,96.0,41.0,3098.0
2971,,,3184.0,3002.0,household_agent_12,1012.0,41.0,household_agent_10,130.0,41.0,3132.0
2972,,,3238.0,3045.0,household_agent_9,1009.0,41.0,household_agent_10,64.0,41.0,3109.0
2973,,,3239.0,3045.0,household_agent_11,1011.0,41.0,household_agent_10,75.0,41.0,3120.0
2974,,,3240.0,3045.0,household_agent_12,1012.0,41.0,household_agent_10,118.0,41.0,3163.0
2975,,,3294.0,3096.0,household_agent_9,1009.0,41.0,household_agent_10,50.0,41.0,3146.0
2976,,,3295.0,3096.0,household_agent_11,1011.0,41.0,household_agent_10,85.0,41.0,3181.0
2977,,,3296.0,3096.0,household_agent_12,1012.0,41.0,household_agent_10,126.0,41.0,3222.0
2978,,,3350.0,3161.0,household_agent_9,1009.0,41.0,household_agent_10,69.0,41.0,3230.0
2979,,,3351.0,3161.0,household_agent_11,1011.0,41.0,household_agent_10,80.0,41.0,3241.0
2980,,,3352.0,3161.0,household_agent_12,1012.0,41.0,household_agent_10,111.0,41.0,3272.0
2981,,,3406.0,3188.0,household_agent_9,1009.0,41.0,household_agent_10,104.0,41.0,3292.0
2982,,,3407.0,3188.0,household_agent_11,1011.0,41.0,household_agent_10,78.0,41.0,3266.0
2983,,,3408.0,3188.0,household_agent_12,1012.0,41.0,household_agent_10,123.0,41.0,3311.0
2984,,,3462.0,3275.0,household_agent_9,1009.0,41.0,household_agent_10,64.0,41.0,3339.0
2985,,,3463.0,3275.0,household_agent_11,1011.0,41.0,household_agent_10,52.0,41.0,3327.0
2986,,,3464.0,3275.0,household_agent_12,1012.0,41.0,household_agent_10,68.0,41.0,3343.0
2987,,,3518.0,3345.0,household_agent_9,1009.0,41.0,household_agent_10,53.0,41.0,3398.0
2988,,,3519.0,3345.0,household_agent_11,1011.0,41.0,household_agent_10,69.0,41.0,3414.0
2989,,,3520.0,3345.0,household_agent_12,1012.0,41.0,household_agent_10,75.0,41.0,3420.0
2990,,,3574.0,3353.0,household_agent_9,1009.0,41.0,household_agent_10,81.0,41.0,3434.0
2991,,,3575.0,3353.0,household_agent_11,1011.0,41.0,household_agent_10,100.0,41.0,3453.0
2992,,,3576.0,3353.0,household_agent_12,1012.0,41.0,household_agent_10,105.0,41.0,3458.0
2993,,,3630.0,3433.0,household_agent_9,1009.0,41.0,household_agent_10,42.0,41.0,3475.0
2994,,,3631.0,3433.0,household_agent_11,1011.0,41.0,household_agent_10,47.0,41.0,3480.0
2995,,,3632.0,3433.0,household_agent_12,1012.0,41.0,household_agent_10,54.0,41.0,3487.0
2996,,,3686.0,3526.0,household_agent_9,1009.0,41.0,household_agent_10,56.0,41.0,3582.0
2997,,,3687.0,3526.0,household_agent_11,1011.0,41.0,household_agent_10,75.0,41.0,3601.0
2998,,,3688.0,3526.0,household_agent_12,1012.0,41.0,household_agent_10,63.0,41.0,3589.0
2999,,,3742.0,3617.0,household_agent_9,1009.0,41.0,household_agent_10,59.0,41.0,3676.0
3000,,,3743.0,3617.0,household_agent_11,1011.0,41.0,household_agent_10,64.0,41.0,3681.0
3001,,,3744.0,3617.0,household_agent_12,1012.0,41.0,household_agent_10,82.0,41.0,3699.0
3002,,,3798.0,3676.0,household_agent_9,1009.0,41.0,household_agent_10,84.0,41.0,3760.0
3003,,,3799.0,3676.0,household_agent_11,1011.0,41.0,household_agent_10,90.0,41.0,3766.0
3004,,,3800.0,3676.0,household_agent_12,1012.0,41.0,household_agent_10,95.0,41.0,3771.0
3005,,,3854.0,3709.0,household_agent_9,1009.0,41.0,household_agent_10,96.0,41.0,3805.0
3006,,,3855.0,3709.0,household_agent_11,1011.0,41.0,household_agent_10,106.0,41.0,3815.0
3007,,,3856.0,3709.0,household_agent_12,1012.0,41.0,household_agent_10,122.0,41.0,3831.0
3008,,,3910.0,3765.0,household_agent_9,1009.0,41.0,household_agent_10,50.0,41.0,3815.0
3009,,,3911.0,3765.0,household_agent_11,1011.0,41.0,household_agent_10,62.0,41.0,3827.0
3010,,,3912.0,3765.0,household_agent_12,1012.0,41.0,household_agent_10,77.0,41.0,3842.0
3011,,,3966.0,3849.0,household_agent_9,1009.0,41.0,household_agent_10,50.0,41.0,3899.0
3012,,,3967.0,3849.0,household_agent_11,1011.0,41.0,household_agent_10,68.0,41.0,3917.0
3013,,,3968.0,3849.0,household_agent_12,1012.0,41.0,household_agent_10,79.0,41.0,3928.0
3014,,,4022.0,3945.0,household_agent_9,1009.0,41.0,household_agent_10,59.0,41.0,4004.0
3015,,,4023.0,3945.0,household_agent_11,1011.0,41.0,household_agent_10,63.0,41.0,4008.0
3016,,,4024.0,3945.0,household_agent_12,1012.0,41.0,household_agent_10,74.0,41.0,4019.0
3017,,,4078.0,4033.0,household_agent_9,1009.0,41.0,household_agent_10,58.0,41.0,4091.0
3018,,,4079.0,4033.0,household_agent_11,1011.0,41.0,household_agent_10,64.0,41.0,4097.0
3019,,,4080.0,4033.0,household_agent_12,1012.0,41.0,household_agent_10,69.0,41.0,4102.0
3020,,,4134.0,4118.0,household_agent_9,1009.0,41.0,household_agent_10,92.0,41.0,4210.0
3021,,,4135.0,4118.0,household_agent_11,1011.0,41.0,household_agent_10,107.0,41.0,4225.0
3022,,,4136.0,4118.0,household_agent_12,1012.0,41.0,household_agent_10,118.0,41.0,4236.0
3023,,,4190.0,4153.0,household_agent_9,1009.0,41.0,household_agent_10,66.0,41.0,4219.0
3024,,,4191.0,4153.0,household_agent_11,1011.0,41.0,household_agent_10,78.0,41.0,4231.0
3025,,,4192.0,4153.0,household_agent_12,1012.0,41.0,household_agent_10,83.0,41.0,4236.0
3026,,,4246.0,4175.0,household_agent_9,1009.0,41.0,household_agent_10,101.0,41.0,4276.0
3027,,,4247.0,4175.0,household_agent_11,1011.0,41.0,household_agent_10,111.0,41.0,4286.0
3028,,,4248.0,4175.0,household_agent_12,1012.0,41.0,household_agent_10,129.0,41.0,4304.0
3029,,,4302.0,4245.0,household_agent_9,1009.0,41.0,household_agent_10,117.0,82.0,4362.0
3030,,,4303.0,4245.0,household_agent_11,1011.0,41.0,household_agent_10,87.0,82.0,4332.0
3031,,,4304.0,4245.0,household_agent_12,1012.0,41.0,household_agent_10,128.0,82.0,4373.0
3032,,,4414.0,4279.0,household_agent_9,1009.0,41.0,household_agent_10,132.0,41.0,4411.0
3033,,,4415.0,4279.0,household_agent_11,1011.0,41.0,household_agent_10,95.0,41.0,4374.0
3034,,,4416.0,4279.0,household_agent_12,1012.0,41.0,household_agent_10,142.0,41.0,4421.0
3035,,,4470.0,4333.0,household_agent_9,1009.0,41.0,household_agent_10,102.0,41.0,4435.0
3036,,,4471.0,4333.0,household_agent_11,1011.0,41.0,household_agent_10,74.0,41.0,4407.0
3037,,,4472.0,4333.0,household_agent_12,1012.0,41.0,household_agent_10,130.0,41.0,4463.0
3038,,,4526.0,4366.0,household_agent_9,1009.0,41.0,household_agent_10,108.0,41.0,4474.0
3039,,,4527.0,4366.0,household_agent_11,1011.0,41.0,household_agent_10,93.0,41.0,4459.0
3040,,,4528.0,4366.0,household_agent_12,1012.0,41.0,household_agent_10,125.0,41.0,4491.0
3041,,,4582.0,4416.0,household_agent_9,1009.0,41.0,household_agent_10,115.0,41.0,4531.0
3042,,,4583.0,4416.0,household_agent_11,1011.0,41.0,household_agent_10,64.0,41.0,4480.0
3043,,,4584.0,4416.0,household_agent_12,1012.0,41.0,household_agent_10,108.0,41.0,4524.0
3044,,,4638.0,4488.0,household_agent_9,1009.0,41.0,household_agent_10,72.0,41.0,4560.0
3045,,,4639.0,4488.0,household_agent_11,1011.0,41.0,household_agent_10,66.0,41.0,4554.0
3046,,,4640.0,4488.0,household_agent_12,1012.0,41.0,household_agent_10,74.0,41.0,4562.0
3047,,,4694.0,4494.0,household_agent_9,1009.0,41.0,household_agent_10,94.0,41.0,4588.0
3048,,,4695.0,4494.0,household_agent_11,1011.0,41.0,household_agent_10,89.0,41.0,4583.0
3049,,,4696.0,4494.0,household_agent_12,1012.0,41.0,household_agent_10,101.0,41.0,4595.0
3050,,,4750.0,4591.0,household_agent_9,1009.0,41.0,household_agent_10,43.0,41.0,4634.0
3051,,,4751.0,4591.0,household_agent_11,1011.0,41.0,household_agent_10,54.0,41.0,4645.0
3052,,,4752.0,4591.0,household_agent_12,1012.0,41.0,household_agent_10,71.0,41.0,4662.0
3053,,,4806.0,4647.0,household_agent_9,1009.0,41.0,household_agent_10,48.0,41.0,4695.0
3054,,,4807.0,4647.0,household_agent_11,1011.0,41.0,household_agent_10,60.0,41.0,4707.0
3055,,,4808.0,4647.0,household_agent_12,1012.0,41.0,household_agent_10,64.0,41.0,4711.0
3056,,,4862.0,4714.0,household_agent_9,1009.0,41.0,household_agent_10,56.0,41.0,4770.0
3057,,,4863.0,4714.0,household_agent_11,1011.0,41.0,household_agent_10,69.0,41.0,4783.0
3058,,,4864.0,4714.0,household_agent_12,1012.0,41.0,household_agent_10,78.0,41.0,4792.0
3059,,,4918.0,4718.0,household_agent_9,1009.0,41.0,household_agent_10,98.0,41.0,4816.0
3060,,,4919.0,4718.0,household_agent_11,1011.0,41.0,household_agent_10,98.0,41.0,4816.0
3061,,,4920.0,4718.0,household_agent_12,1012.0,41.0,household_agent_10,112.0,41.0,4830.0
3062,,,4974.0,4796.0,household_agent_9,1009.0,41.0,household_agent_10,41.0,41.0,4837.0
3063,,,4975.0,4796.0,household_agent_11,1011.0,41.0,household_agent_10,60.0,41.0,4856.0
3064,,,4976.0,4796.0,household_agent_12,1012.0,41.0,household_agent_10,65.0,41.0,4861.0
3065,,,5030.0,4885.0,household_agent_9,1009.0,41.0,household_agent_10,57.0,41.0,4942.0
3066,,,5031.0,4885.0,household_agent_11,1011.0,41.0,household_agent_10,68.0,41.0,4953.0
3067,,,5032.0,4885.0,household_agent_12,1012.0,41.0,household_agent_10,86.0,41.0,4971.0
3068,,,5086.0,4945.0,household_agent_9,1009.0,41.0,household_agent_10,43.0,41.0,4988.0
3069,,,5087.0,4945.0,household_agent_11,1011.0,41.0,household_agent_10,48.0,41.0,4993.0
3070,,,5088.0,4945.0,household_agent_12,1012.0,41.0,household_agent_10,65.0,41.0,5010.0
3071,,,5142.0,5015.0,household_agent_9,1009.0,41.0,household_agent_10,76.0,41.0,5091.0
3072,,,5143.0,5015.0,household_agent_11,1011.0,41.0,household_agent_10,68.0,41.0,5083.0
3073,,,5144.0,5015.0,household_agent_12,1012.0,41.0,household_agent_10,81.0,41.0,5096.0
3074,,,5198.0,5034.0,household_agent_9,1009.0,41.0,household_agent_10,99.0,41.0,5133.0
3075,,,5199.0,5034.0,household_agent_11,1011.0,41.0,household_agent_10,88.0,41.0,5122.0
3076,,,5200.0,5034.0,household_agent_12,1012.0,41.0,household_agent_10,122.0,41.0,5156.0
3077,,,5254.0,5092.0,household_agent_9,1009.0,41.0,household_agent_10,54.0,41.0,5146.0
3078,,,5255.0,5092.0,household_agent_11,1011.0,41.0,household_agent_10,60.0,41.0,5152.0
3079,,,5256.0,5092.0,household_agent_12,1012.0,41.0,household_agent_10,65.0,41.0,5157.0
3080,,,38.0,127.0,household_agent_8,1008.0,41.0,household_agent_11,79.0,41.0,206.0
3081,,,39.0,127.0,household_agent_10,1010.0,41.0,household_agent_11,64.0,41.0,191.0
3082,,,40.0,127.0,household_agent_12,1012.0,41.0,household_agent_11,101.0,41.0,228.0
3083,,,41.0,127.0,household_agent_4,1004.0,41.0,household_agent_11,253.0,41.0,380.0
3084,,,94.0,205.0,household_agent_8,1008.0,41.0,household_agent_11,40.0,41.0,245.0
3085,,,95.0,205.0,household_agent_10,1010.0,41.0,household_agent_11,51.0,41.0,256.0
3086,,,96.0,205.0,household_agent_12,1012.0,41.0,household_agent_11,75.0,41.0,280.0
3087,,,97.0,205.0,household_agent_4,1004.0,41.0,household_agent_11,369.0,82.0,574.0
3088,,,150.0,253.0,household_agent_8,1008.0,41.0,household_agent_11,97.0,41.0,350.0
3089,,,151.0,253.0,household_agent_10,1010.0,41.0,household_agent_11,48.0,41.0,301.0
3090,,,152.0,253.0,household_agent_12,1012.0,41.0,household_agent_11,117.0,41.0,370.0
3091,,,206.0,303.0,household_agent_8,1008.0,41.0,household_agent_11,77.0,41.0,380.0
3092,,,207.0,303.0,household_agent_10,1010.0,41.0,household_agent_11,61.0,41.0,364.0
3093,,,208.0,303.0,household_agent_12,1012.0,41.0,household_agent_11,120.0,41.0,423.0
3094,,,209.0,303.0,household_agent_4,1004.0,41.0,household_agent_11,512.0,41.0,815.0
3095,,,262.0,397.0,household_agent_8,1008.0,41.0,household_agent_11,42.0,41.0,439.0
3096,,,263.0,397.0,household_agent_10,1010.0,41.0,household_agent_11,58.0,41.0,455.0
3097,,,264.0,397.0,household_agent_12,1012.0,41.0,household_agent_11,144.0,82.0,541.0
3098,,,265.0,397.0,household_agent_4,1004.0,41.0,household_agent_11,425.0,82.0,822.0
3099,,,318.0,455.0,household_agent_8,1008.0,41.0,household_agent_11,63.0,41.0,518.0
3100,,,319.0,455.0,household_agent_10,1010.0,41.0,household_agent_11,74.0,41.0,529.0
3101,,,374.0,461.0,household_agent_8,1008.0,41.0,household_agent_11,96.0,41.0,557.0
3102,,,375.0,461.0,household_agent_10,1010.0,41.0,household_agent_11,101.0,41.0,562.0
3103,,,376.0,461.0,household_agent_12,1012.0,41.0,household_agent_11,112.0,41.0,573.0
3104,,,377.0,461.0,household_agent_4,1004.0,41.0,household_agent_11,438.0,123.0,899.0
3105,,,430.0,559.0,household_agent_8,1008.0,41.0,household_agent_11,87.0,41.0,646.0
3106,,,431.0,559.0,household_agent_10,1010.0,41.0,household_agent_11,70.0,41.0,629.0
3107,,,432.0,559.0,household_agent_12,1012.0,41.0,household_agent_11,109.0,41.0,668.0
3108,,,486.0,571.0,household_agent_8,1008.0,41.0,household_agent_11,108.0,41.0,679.0
3109,,,487.0,571.0,household_agent_10,1010.0,41.0,household_agent_11,91.0,41.0,662.0
3110,,,488.0,571.0,household_agent_12,1012.0,41.0,household_agent_11,144.0,41.0,715.0
3111,,,542.0,669.0,household_agent_8,1008.0,41.0,household_agent_11,111.0,82.0,780.0
3112,,,543.0,669.0,household_agent_10,1010.0,41.0,household_agent_11,88.0,82.0,757.0
3113,,,544.0,669.0,household_agent_12,1012.0,41.0,household_agent_11,140.0,82.0,809.0
3114,,,545.0,669.0,household_agent_4,1004.0,41.0,household_agent_11,275.0,164.0,944.0
3115,,,654.0,707.0,household_agent_8,1008.0,41.0,household_agent_11,94.0,41.0,801.0
3116,,,655.0,707.0,household_agent_10,1010.0,41.0,household_agent_11,83.0,41.0,790.0
3117,,,656.0,707.0,household_agent_12,1012.0,41.0,household_agent_11,125.0,41.0,832.0
3118,,,710.0,753.0,household_agent_8,1008.0,41.0,household_agent_11,108.0,41.0,861.0
3119,,,711.0,753.0,household_agent_10,1010.0,41.0,household_agent_11,61.0,41.0,814.0
3120,,,712.0,753.0,household_agent_12,1012.0,41.0,household_agent_11,127.0,41.0,880.0
3121,,,766.0,843.0,household_agent_8,1008.0,41.0,household_agent_11,53.0,41.0,896.0
3122,,,767.0,843.0,household_agent_10,1010.0,41.0,household_agent_11,67.0,41.0,910.0
3123,,,768.0,843.0,household_agent_12,1012.0,41.0,household_agent_11,78.0,41.0,921.0
3124,,,769.0,843.0,household_agent_4,1004.0,41.0,household_agent_11,367.0,41.0,1210.0
3125,,,822.0,943.0,household_agent_8,1008.0,41.0,household_agent_11,135.0,41.0,1078.0
3126,,,823.0,943.0,household_agent_10,1010.0,41.0,household_agent_11,100.0,41.0,1043.0
3127,,,824.0,943.0,household_agent_12,1012.0,41.0,household_agent_11,163.0,41.0,1106.0
3128,,,825.0,943.0,household_agent_4,1004.0,41.0,household_agent_11,502.0,41.0,1445.0
3129,,,878.0,986.0,household_agent_8,1008.0,41.0,household_agent_11,121.0,82.0,1107.0
3130,,,879.0,986.0,household_agent_10,1010.0,41.0,household_agent_11,92.0,41.0,1078.0
3131,,,880.0,986.0,household_agent_12,1012.0,41.0,household_agent_11,153.0,41.0,1139.0
3132,,,881.0,986.0,household_agent_4,1004.0,41.0,household_agent_11,466.0,164.0,1452.0
3133,,,935.0,1026.0,household_agent_10,1010.0,41.0,household_agent_11,68.0,41.0,1094.0
3134,,,936.0,1026.0,household_agent_12,1012.0,41.0,household_agent_11,166.0,41.0,1192.0
3135,,,990.0,1044.0,household_agent_8,1008.0,41.0,household_agent_11,119.0,41.0,1163.0
3136,,,991.0,1044.0,household_agent_10,1010.0,41.0,household_agent_11,85.0,41.0,1129.0
3137,,,992.0,1044.0,household_agent_12,1012.0,41.0,household_agent_11,157.0,41.0,1201.0
3138,,,1046.0,1104.0,household_agent_8,1008.0,41.0,household_agent_11,64.0,41.0,1168.0
3139,,,1047.0,1104.0,household_agent_10,1010.0,41.0,household_agent_11,72.0,41.0,1176.0
3140,,,1048.0,1104.0,household_agent_12,1012.0,41.0,household_agent_11,185.0,41.0,1289.0
3141,,,1102.0,1148.0,household_agent_8,1008.0,41.0,household_agent_11,123.0,41.0,1271.0
3142,,,1103.0,1148.0,household_agent_10,1010.0,41.0,household_agent_11,130.0,41.0,1278.0
3143,,,1104.0,1148.0,household_agent_12,1012.0,41.0,household_agent_11,191.0,82.0,1339.0
3144,,,1105.0,1148.0,household_agent_4,1004.0,41.0,household_agent_11,390.0,164.0,1538.0
3145,,,1158.0,1205.0,household_agent_8,1008.0,41.0,household_agent_11,100.0,82.0,1305.0
3146,,,1159.0,1205.0,household_agent_10,1010.0,41.0,household_agent_11,77.0,41.0,1282.0
3147,,,1215.0,1211.0,household_agent_10,1010.0,41.0,household_agent_11,105.0,41.0,1316.0
3148,,,1216.0,1211.0,household_agent_12,1012.0,41.0,household_agent_11,162.0,41.0,1373.0
3149,,,1270.0,1286.0,household_agent_8,1008.0,41.0,household_agent_11,76.0,41.0,1362.0
3150,,,1271.0,1286.0,household_agent_10,1010.0,41.0,household_agent_11,63.0,41.0,1349.0
3151,,,1272.0,1286.0,household_agent_12,1012.0,41.0,household_agent_11,153.0,41.0,1439.0
3152,,,1326.0,1357.0,household_agent_8,1008.0,41.0,household_agent_11,49.0,41.0,1406.0
3153,,,1327.0,1357.0,household_agent_10,1010.0,41.0,household_agent_11,66.0,41.0,1423.0
3154,,,1328.0,1357.0,household_agent_12,1012.0,41.0,household_agent_11,137.0,41.0,1494.0
3155,,,1329.0,1357.0,household_agent_4,1004.0,41.0,household_agent_11,213.0,82.0,1570.0
3156,,,1382.0,1406.0,household_agent_8,1008.0,41.0,household_agent_11,73.0,41.0,1479.0
3157,,,1383.0,1406.0,household_agent_10,1010.0,41.0,household_agent_11,62.0,41.0,1468.0
3158,,,1384.0,1406.0,household_agent_12,1012.0,41.0,household_agent_11,97.0,41.0,1503.0
3159,,,1438.0,1470.0,household_agent_8,1008.0,41.0,household_agent_11,50.0,41.0,1520.0
3160,,,1439.0,1470.0,household_agent_10,1010.0,41.0,household_agent_11,67.0,41.0,1537.0
3161,,,1440.0,1470.0,household_agent_12,1012.0,41.0,household_agent_11,78.0,41.0,1548.0
3162,,,1441.0,1470.0,household_agent_4,1004.0,41.0,household_agent_11,210.0,41.0,1680.0
3163,,,1494.0,1570.0,household_agent_8,1008.0,41.0,household_agent_11,53.0,41.0,1623.0
3164,,,1495.0,1570.0,household_agent_10,1010.0,41.0,household_agent_11,72.0,41.0,1642.0
3165,,,1496.0,1570.0,household_agent_12,1012.0,41.0,household_agent_11,82.0,41.0,1652.0
3166,,,1497.0,1570.0,household_agent_4,1004.0,41.0,household_agent_11,376.0,41.0,1946.0
3167,,,1550.0,1621.0,household_agent_8,1008.0,41.0,household_agent_11,54.0,41.0,1675.0
3168,,,1551.0,1621.0,household_agent_10,1010.0,41.0,household_agent_11,71.0,41.0,1692.0
3169,,,1552.0,1621.0,household_agent_12,1012.0,41.0,household_agent_11,86.0,41.0,1707.0
3170,,,1553.0,1621.0,household_agent_4,1004.0,41.0,household_agent_11,345.0,41.0,1966.0
3171,,,1606.0,1704.0,household_agent_8,1008.0,41.0,household_agent_11,49.0,41.0,1753.0
3172,,,1607.0,1704.0,household_agent_10,1010.0,41.0,household_agent_11,106.0,41.0,1810.0
3173,,,1608.0,1704.0,household_agent_12,1012.0,41.0,household_agent_11,120.0,82.0,1824.0
3174,,,1609.0,1704.0,household_agent_4,1004.0,41.0,household_agent_11,443.0,41.0,2147.0
3175,,,1662.0,1744.0,household_agent_8,1008.0,41.0,household_agent_11,48.0,41.0,1792.0
3176,,,1663.0,1744.0,household_agent_10,1010.0,41.0,household_agent_11,106.0,82.0,1850.0
3177,,,1665.0,1744.0,household_agent_4,1004.0,41.0,household_agent_11,465.0,246.0,2209.0
3178,,,1718.0,1747.0,household_agent_8,1008.0,41.0,household_agent_11,132.0,41.0,1879.0
3179,,,1720.0,1747.0,household_agent_12,1012.0,41.0,household_agent_11,121.0,41.0,1868.0
3180,,,1774.0,1787.0,household_agent_8,1008.0,41.0,household_agent_11,92.0,41.0,1879.0
3181,,,1775.0,1787.0,household_agent_10,1010.0,41.0,household_agent_11,74.0,41.0,1861.0
3182,,,1776.0,1787.0,household_agent_12,1012.0,41.0,household_agent_11,141.0,82.0,1928.0
3183,,,1830.0,1789.0,household_agent_8,1008.0,41.0,household_agent_11,135.0,41.0,1924.0
3184,,,1831.0,1789.0,household_agent_10,1010.0,41.0,household_agent_11,113.0,41.0,1902.0
3185,,,1886.0,1873.0,household_agent_8,1008.0,41.0,household_agent_11,112.0,41.0,1985.0
3186,,,1887.0,1873.0,household_agent_10,1010.0,41.0,household_agent_11,87.0,41.0,1960.0
3187,,,1888.0,1873.0,household_agent_12,1012.0,41.0,household_agent_11,80.0,41.0,1953.0
3188,,,1942.0,1881.0,household_agent_8,1008.0,41.0,household_agent_11,137.0,41.0,2018.0
3189,,,1943.0,1881.0,household_agent_10,1010.0,41.0,household_agent_11,116.0,41.0,1997.0
3190,,,1944.0,1881.0,household_agent_12,1012.0,41.0,household_agent_11,127.0,41.0,2008.0
3191,,,1998.0,1979.0,household_agent_8,1008.0,41.0,household_agent_11,100.0,41.0,2079.0
3192,,,1999.0,1979.0,household_agent_10,1010.0,41.0,household_agent_11,107.0,41.0,2086.0
3193,,,2000.0,1979.0,household_agent_12,1012.0,41.0,household_agent_11,150.0,82.0,2129.0
3194,,,2001.0,1979.0,household_agent_4,1004.0,41.0,household_agent_11,329.0,41.0,2308.0
3195,,,2054.0,2009.0,household_agent_8,1008.0,41.0,household_agent_11,92.0,41.0,2101.0
3196,,,2055.0,2009.0,household_agent_10,1010.0,41.0,household_agent_11,103.0,41.0,2112.0
3197,,,2057.0,2009.0,household_agent_4,1004.0,41.0,household_agent_11,497.0,82.0,2506.0
3198,,,2110.0,2030.0,household_agent_8,1008.0,41.0,household_agent_11,126.0,41.0,2156.0
3199,,,2111.0,2030.0,household_agent_10,1010.0,41.0,household_agent_11,112.0,41.0,2142.0
3200,,,2112.0,2030.0,household_agent_12,1012.0,41.0,household_agent_11,165.0,41.0,2195.0
3201,,,2166.0,2090.0,household_agent_8,1008.0,41.0,household_agent_11,68.0,41.0,2158.0
3202,,,2167.0,2090.0,household_agent_10,1010.0,41.0,household_agent_11,79.0,41.0,2169.0
3203,,,2168.0,2090.0,household_agent_12,1012.0,41.0,household_agent_11,150.0,41.0,2240.0
3204,,,2169.0,2090.0,household_agent_4,1004.0,41.0,household_agent_11,435.0,41.0,2525.0
3205,,,2222.0,2162.0,household_agent_8,1008.0,41.0,household_agent_11,66.0,41.0,2228.0
3206,,,2223.0,2162.0,household_agent_10,1010.0,41.0,household_agent_11,67.0,41.0,2229.0
3207,,,2224.0,2162.0,household_agent_12,1012.0,41.0,household_agent_11,81.0,41.0,2243.0
3208,,,2225.0,2162.0,household_agent_4,1004.0,41.0,household_agent_11,391.0,82.0,2553.0
3209,,,2278.0,2167.0,household_agent_8,1008.0,41.0,household_agent_11,86.0,41.0,2253.0
3210,,,2279.0,2167.0,household_agent_10,1010.0,41.0,household_agent_11,97.0,41.0,2264.0
3211,,,2280.0,2167.0,household_agent_12,1012.0,41.0,household_agent_11,134.0,41.0,2301.0
3212,,,2334.0,2239.0,household_agent_8,1008.0,41.0,household_agent_11,114.0,41.0,2353.0
3213,,,2335.0,2239.0,household_agent_10,1010.0,41.0,household_agent_11,85.0,82.0,2324.0
3214,,,2336.0,2239.0,household_agent_12,1012.0,41.0,household_agent_11,107.0,82.0,2346.0
3215,,,2337.0,2239.0,household_agent_4,1004.0,41.0,household_agent_11,329.0,123.0,2568.0
3216,,,2390.0,2253.0,household_agent_8,1008.0,41.0,household_agent_11,148.0,82.0,2401.0
3217,,,2447.0,2269.0,household_agent_10,1010.0,41.0,household_agent_11,95.0,41.0,2364.0
3218,,,2448.0,2269.0,household_agent_12,1012.0,41.0,household_agent_11,163.0,41.0,2432.0
3219,,,2502.0,2336.0,household_agent_8,1008.0,41.0,household_agent_11,119.0,41.0,2455.0
3220,,,2503.0,2336.0,household_agent_10,1010.0,41.0,household_agent_11,85.0,41.0,2421.0
3221,,,2504.0,2336.0,household_agent_12,1012.0,41.0,household_agent_11,155.0,41.0,2491.0
3222,,,2505.0,2336.0,household_agent_4,1004.0,41.0,household_agent_11,281.0,123.0,2617.0
3223,,,2558.0,2368.0,household_agent_8,1008.0,41.0,household_agent_11,100.0,41.0,2468.0
3224,,,2559.0,2368.0,household_agent_10,1010.0,41.0,household_agent_11,110.0,41.0,2478.0
3225,,,2560.0,2368.0,household_agent_12,1012.0,41.0,household_agent_11,125.0,41.0,2493.0
3226,,,2614.0,2417.0,household_agent_8,1008.0,41.0,household_agent_11,106.0,41.0,2523.0
3227,,,2615.0,2417.0,household_agent_10,1010.0,41.0,household_agent_11,63.0,41.0,2480.0
3228,,,2616.0,2417.0,household_agent_12,1012.0,41.0,household_agent_11,119.0,41.0,2536.0
3229,,,2670.0,2489.0,household_agent_8,1008.0,41.0,household_agent_11,65.0,41.0,2554.0
3230,,,2671.0,2489.0,household_agent_10,1010.0,41.0,household_agent_11,42.0,41.0,2531.0
3231,,,2672.0,2489.0,household_agent_12,1012.0,41.0,household_agent_11,53.0,41.0,2542.0
3232,,,2673.0,2489.0,household_agent_4,1004.0,41.0,household_agent_11,225.0,41.0,2714.0
3233,,,2726.0,2569.0,household_agent_8,1008.0,41.0,household_agent_11,66.0,41.0,2635.0
3234,,,2727.0,2569.0,household_agent_10,1010.0,41.0,household_agent_11,77.0,41.0,2646.0
3235,,,2728.0,2569.0,household_agent_12,1012.0,41.0,household_agent_11,99.0,41.0,2668.0
3236,,,2729.0,2569.0,household_agent_4,1004.0,41.0,household_agent_11,234.0,41.0,2803.0
3237,,,2782.0,2640.0,household_agent_8,1008.0,41.0,household_agent_11,63.0,41.0,2703.0
3238,,,2783.0,2640.0,household_agent_10,1010.0,41.0,household_agent_11,69.0,41.0,2709.0
3239,,,2784.0,2640.0,household_agent_12,1012.0,41.0,household_agent_11,135.0,82.0,2775.0
3240,,,2785.0,2640.0,household_agent_4,1004.0,41.0,household_agent_11,180.0,82.0,2820.0
3241,,,2838.0,2652.0,household_agent_8,1008.0,41.0,household_agent_11,99.0,41.0,2751.0
3242,,,2839.0,2652.0,household_agent_10,1010.0,41.0,household_agent_11,109.0,41.0,2761.0
3243,,,2894.0,2699.0,household_agent_8,1008.0,41.0,household_agent_11,52.0,41.0,2751.0
3244,,,2895.0,2699.0,household_agent_10,1010.0,41.0,household_agent_11,62.0,41.0,2761.0
3245,,,2896.0,2699.0,household_agent_12,1012.0,41.0,household_agent_11,98.0,41.0,2797.0
3246,,,2897.0,2699.0,household_agent_4,1004.0,41.0,household_agent_11,173.0,41.0,2872.0
3247,,,2950.0,2799.0,household_agent_8,1008.0,41.0,household_agent_11,37.0,41.0,2836.0
3248,,,2951.0,2799.0,household_agent_10,1010.0,41.0,household_agent_11,49.0,41.0,2848.0
3249,,,2952.0,2799.0,household_agent_12,1012.0,41.0,household_agent_11,60.0,41.0,2859.0
3250,,,2953.0,2799.0,household_agent_4,1004.0,41.0,household_agent_11,171.0,41.0,2970.0
3251,,,3006.0,2839.0,household_agent_8,1008.0,41.0,household_agent_11,88.0,41.0,2927.0
3252,,,3007.0,2839.0,household_agent_10,1010.0,41.0,household_agent_11,50.0,41.0,2889.0
3253,,,3008.0,2839.0,household_agent_12,1012.0,41.0,household_agent_11,109.0,41.0,2948.0
3254,,,3009.0,2839.0,household_agent_4,1004.0,41.0,household_agent_11,131.0,41.0,2970.0
3255,,,3062.0,2873.0,household_agent_8,1008.0,41.0,household_agent_11,91.0,41.0,2964.0
3256,,,3063.0,2873.0,household_agent_10,1010.0,41.0,household_agent_11,64.0,41.0,2937.0
3257,,,3064.0,2873.0,household_agent_12,1012.0,41.0,household_agent_11,149.0,41.0,3022.0
3258,,,3065.0,2873.0,household_agent_4,1004.0,41.0,household_agent_11,336.0,41.0,3209.0
3259,,,3118.0,2968.0,household_agent_8,1008.0,41.0,household_agent_11,82.0,41.0,3050.0
3260,,,3119.0,2968.0,household_agent_10,1010.0,41.0,household_agent_11,93.0,41.0,3061.0
3261,,,3120.0,2968.0,household_agent_12,1012.0,41.0,household_agent_11,106.0,41.0,3074.0
3262,,,3121.0,2968.0,household_agent_4,1004.0,41.0,household_agent_11,310.0,41.0,3278.0
3263,,,3174.0,3002.0,household_agent_8,1008.0,41.0,household_agent_11,94.0,41.0,3096.0
3264,,,3175.0,3002.0,household_agent_10,1010.0,41.0,household_agent_11,100.0,41.0,3102.0
3265,,,3176.0,3002.0,household_agent_12,1012.0,41.0,household_agent_11,127.0,41.0,3129.0
3266,,,3177.0,3002.0,household_agent_4,1004.0,41.0,household_agent_11,300.0,123.0,3302.0
3267,,,3230.0,3045.0,household_agent_8,1008.0,41.0,household_agent_11,52.0,41.0,3097.0
3268,,,3231.0,3045.0,household_agent_10,1010.0,41.0,household_agent_11,61.0,41.0,3106.0
3269,,,3232.0,3045.0,household_agent_12,1012.0,41.0,household_agent_11,122.0,41.0,3167.0
3270,,,3286.0,3096.0,household_agent_8,1008.0,41.0,household_agent_11,55.0,41.0,3151.0
3271,,,3287.0,3096.0,household_agent_10,1010.0,41.0,household_agent_11,66.0,41.0,3162.0
3272,,,3288.0,3096.0,household_agent_12,1012.0,41.0,household_agent_11,88.0,41.0,3184.0
3273,,,3342.0,3161.0,household_agent_8,1008.0,41.0,household_agent_11,34.0,41.0,3195.0
3274,,,3343.0,3161.0,household_agent_10,1010.0,41.0,household_agent_11,86.0,41.0,3247.0
3275,,,3344.0,3161.0,household_agent_12,1012.0,41.0,household_agent_11,97.0,41.0,3258.0
3276,,,3345.0,3161.0,household_agent_4,1004.0,41.0,household_agent_11,288.0,82.0,3449.0
3277,,,3398.0,3188.0,household_agent_8,1008.0,41.0,household_agent_11,54.0,41.0,3242.0
3278,,,3399.0,3188.0,household_agent_10,1010.0,41.0,household_agent_11,87.0,41.0,3275.0
3279,,,3400.0,3188.0,household_agent_12,1012.0,41.0,household_agent_11,116.0,41.0,3304.0
3280,,,3454.0,3275.0,household_agent_8,1008.0,41.0,household_agent_11,54.0,41.0,3329.0
3281,,,3455.0,3275.0,household_agent_10,1010.0,41.0,household_agent_11,60.0,41.0,3335.0
3282,,,3456.0,3275.0,household_agent_12,1012.0,41.0,household_agent_11,105.0,41.0,3380.0
3283,,,3457.0,3275.0,household_agent_4,1004.0,41.0,household_agent_11,184.0,41.0,3459.0
3284,,,3510.0,3345.0,household_agent_8,1008.0,41.0,household_agent_11,49.0,41.0,3394.0
3285,,,3511.0,3345.0,household_agent_10,1010.0,41.0,household_agent_11,74.0,41.0,3419.0
3286,,,3512.0,3345.0,household_agent_12,1012.0,41.0,household_agent_11,96.0,41.0,3441.0
3287,,,3513.0,3345.0,household_agent_4,1004.0,41.0,household_agent_11,209.0,82.0,3554.0
3288,,,3566.0,3353.0,household_agent_8,1008.0,41.0,household_agent_11,78.0,41.0,3431.0
3289,,,3567.0,3353.0,household_agent_10,1010.0,41.0,household_agent_11,97.0,41.0,3450.0
3290,,,3568.0,3353.0,household_agent_12,1012.0,41.0,household_agent_11,139.0,41.0,3492.0
3291,,,3622.0,3433.0,household_agent_8,1008.0,41.0,household_agent_11,71.0,41.0,3504.0
3292,,,3623.0,3433.0,household_agent_10,1010.0,41.0,household_agent_11,48.0,41.0,3481.0
3293,,,3624.0,3433.0,household_agent_12,1012.0,41.0,household_agent_11,61.0,41.0,3494.0
3294,,,3625.0,3433.0,household_agent_4,1004.0,41.0,household_agent_11,205.0,41.0,3638.0
3295,,,3678.0,3526.0,household_agent_8,1008.0,41.0,household_agent_11,49.0,41.0,3575.0
3296,,,3679.0,3526.0,household_agent_10,1010.0,41.0,household_agent_11,55.0,41.0,3581.0
3297,,,3680.0,3526.0,household_agent_12,1012.0,41.0,household_agent_11,66.0,41.0,3592.0
3298,,,3681.0,3526.0,household_agent_4,1004.0,41.0,household_agent_11,331.0,41.0,3857.0
3299,,,3734.0,3617.0,household_agent_8,1008.0,41.0,household_agent_11,45.0,41.0,3662.0
3300,,,3735.0,3617.0,household_agent_10,1010.0,41.0,household_agent_11,56.0,41.0,3673.0
3301,,,3736.0,3617.0,household_agent_12,1012.0,41.0,household_agent_11,67.0,41.0,3684.0
3302,,,3737.0,3617.0,household_agent_4,1004.0,41.0,household_agent_11,308.0,41.0,3925.0
3303,,,3790.0,3676.0,household_agent_8,1008.0,41.0,household_agent_11,86.0,41.0,3762.0
3304,,,3791.0,3676.0,household_agent_10,1010.0,41.0,household_agent_11,92.0,41.0,3768.0
3305,,,3792.0,3676.0,household_agent_12,1012.0,41.0,household_agent_11,114.0,41.0,3790.0
3306,,,3793.0,3676.0,household_agent_4,1004.0,41.0,household_agent_11,295.0,123.0,3971.0
3307,,,3846.0,3709.0,household_agent_8,1008.0,41.0,household_agent_11,97.0,41.0,3806.0
3308,,,3847.0,3709.0,household_agent_10,1010.0,41.0,household_agent_11,113.0,41.0,3822.0
3309,,,3848.0,3709.0,household_agent_12,1012.0,41.0,household_agent_11,137.0,41.0,3846.0
3310,,,3902.0,3765.0,household_agent_8,1008.0,41.0,household_agent_11,47.0,41.0,3812.0
3311,,,3903.0,3765.0,household_agent_10,1010.0,41.0,household_agent_11,58.0,41.0,3823.0
3312,,,3904.0,3765.0,household_agent_12,1012.0,41.0,household_agent_11,104.0,41.0,3869.0
3313,,,3958.0,3849.0,household_agent_8,1008.0,41.0,household_agent_11,45.0,41.0,3894.0
3314,,,3959.0,3849.0,household_agent_10,1010.0,41.0,household_agent_11,55.0,41.0,3904.0
3315,,,3960.0,3849.0,household_agent_12,1012.0,41.0,household_agent_11,65.0,41.0,3914.0
3316,,,3961.0,3849.0,household_agent_4,1004.0,41.0,household_agent_11,192.0,41.0,4041.0
3317,,,4014.0,3945.0,household_agent_8,1008.0,41.0,household_agent_11,44.0,41.0,3989.0
3318,,,4015.0,3945.0,household_agent_10,1010.0,41.0,household_agent_11,56.0,41.0,4001.0
3319,,,4016.0,3945.0,household_agent_12,1012.0,41.0,household_agent_11,66.0,41.0,4011.0
3320,,,4017.0,3945.0,household_agent_4,1004.0,41.0,household_agent_11,109.0,41.0,4054.0
3321,,,4070.0,4033.0,household_agent_8,1008.0,41.0,household_agent_11,44.0,41.0,4077.0
3322,,,4071.0,4033.0,household_agent_10,1010.0,41.0,household_agent_11,56.0,41.0,4089.0
3323,,,4072.0,4033.0,household_agent_12,1012.0,41.0,household_agent_11,66.0,41.0,4099.0
3324,,,4073.0,4033.0,household_agent_4,1004.0,41.0,household_agent_11,82.0,41.0,4115.0
3325,,,4126.0,4118.0,household_agent_8,1008.0,41.0,household_agent_11,86.0,41.0,4204.0
3326,,,4127.0,4118.0,household_agent_10,1010.0,41.0,household_agent_11,107.0,41.0,4225.0
3327,,,4128.0,4118.0,household_agent_12,1012.0,41.0,household_agent_11,150.0,41.0,4268.0
3328,,,4129.0,4118.0,household_agent_4,1004.0,41.0,household_agent_11,587.0,41.0,4705.0
3329,,,4182.0,4153.0,household_agent_8,1008.0,41.0,household_agent_11,93.0,41.0,4246.0
3330,,,4183.0,4153.0,household_agent_10,1010.0,41.0,household_agent_11,99.0,41.0,4252.0
3331,,,4184.0,4153.0,household_agent_12,1012.0,41.0,household_agent_11,165.0,41.0,4318.0
3332,,,4185.0,4153.0,household_agent_4,1004.0,41.0,household_agent_11,634.0,41.0,4787.0
3333,,,4238.0,4175.0,household_agent_8,1008.0,41.0,household_agent_11,161.0,41.0,4336.0
3334,,,4239.0,4175.0,household_agent_10,1010.0,41.0,household_agent_11,110.0,41.0,4285.0
3335,,,4240.0,4175.0,household_agent_12,1012.0,41.0,household_agent_11,204.0,41.0,4379.0
3336,,,4241.0,4175.0,household_agent_4,1004.0,41.0,household_agent_11,622.0,369.0,4797.0
3337,,,4294.0,4245.0,household_agent_8,1008.0,41.0,household_agent_11,111.0,82.0,4356.0
3338,,,4295.0,4245.0,household_agent_10,1010.0,41.0,household_agent_11,109.0,82.0,4354.0
3339,,,4296.0,4245.0,household_agent_12,1012.0,41.0,household_agent_11,205.0,123.0,4450.0
3340,,,4406.0,4279.0,household_agent_8,1008.0,41.0,household_agent_11,136.0,41.0,4415.0
3341,,,4407.0,4279.0,household_agent_10,1010.0,41.0,household_agent_11,101.0,41.0,4380.0
3342,,,4462.0,4333.0,household_agent_8,1008.0,41.0,household_agent_11,97.0,41.0,4430.0
3343,,,4463.0,4333.0,household_agent_10,1010.0,41.0,household_agent_11,88.0,41.0,4421.0
3344,,,4464.0,4333.0,household_agent_12,1012.0,41.0,household_agent_11,119.0,41.0,4452.0
3345,,,4518.0,4366.0,household_agent_8,1008.0,41.0,household_agent_11,105.0,41.0,4471.0
3346,,,4519.0,4366.0,household_agent_10,1010.0,41.0,household_agent_11,97.0,41.0,4463.0
3347,,,4520.0,4366.0,household_agent_12,1012.0,41.0,household_agent_11,151.0,41.0,4517.0
3348,,,4574.0,4416.0,household_agent_8,1008.0,41.0,household_agent_11,82.0,41.0,4498.0
3349,,,4575.0,4416.0,household_agent_10,1010.0,41.0,household_agent_11,66.0,41.0,4482.0
3350,,,4576.0,4416.0,household_agent_12,1012.0,41.0,household_agent_11,111.0,41.0,4527.0
3351,,,4630.0,4488.0,household_agent_8,1008.0,41.0,household_agent_11,61.0,41.0,4549.0
3352,,,4631.0,4488.0,household_agent_10,1010.0,41.0,household_agent_11,78.0,41.0,4566.0
3353,,,4632.0,4488.0,household_agent_12,1012.0,41.0,household_agent_11,111.0,41.0,4599.0
3354,,,4686.0,4494.0,household_agent_8,1008.0,41.0,household_agent_11,94.0,41.0,4588.0
3355,,,4687.0,4494.0,household_agent_10,1010.0,41.0,household_agent_11,100.0,41.0,4594.0
3356,,,4688.0,4494.0,household_agent_12,1012.0,41.0,household_agent_11,137.0,41.0,4631.0
3357,,,4742.0,4591.0,household_agent_8,1008.0,41.0,household_agent_11,55.0,41.0,4646.0
3358,,,4743.0,4591.0,household_agent_10,1010.0,41.0,household_agent_11,46.0,41.0,4637.0
3359,,,4744.0,4591.0,household_agent_12,1012.0,41.0,household_agent_11,90.0,41.0,4681.0
3360,,,4745.0,4591.0,household_agent_4,1004.0,41.0,household_agent_11,301.0,82.0,4892.0
3361,,,4798.0,4647.0,household_agent_8,1008.0,41.0,household_agent_11,47.0,41.0,4694.0
3362,,,4799.0,4647.0,household_agent_10,1010.0,41.0,household_agent_11,58.0,41.0,4705.0
3363,,,4800.0,4647.0,household_agent_12,1012.0,41.0,household_agent_11,102.0,41.0,4749.0
3364,,,4854.0,4714.0,household_agent_8,1008.0,41.0,household_agent_11,54.0,41.0,4768.0
3365,,,4855.0,4714.0,household_agent_10,1010.0,41.0,household_agent_11,60.0,41.0,4774.0
3366,,,4856.0,4714.0,household_agent_12,1012.0,41.0,household_agent_11,77.0,41.0,4791.0
3367,,,4857.0,4714.0,household_agent_4,1004.0,41.0,household_agent_11,179.0,82.0,4893.0
3368,,,4910.0,4718.0,household_agent_8,1008.0,41.0,household_agent_11,77.0,41.0,4795.0
3369,,,4911.0,4718.0,household_agent_10,1010.0,41.0,household_agent_11,86.0,41.0,4804.0
3370,,,4912.0,4718.0,household_agent_12,1012.0,41.0,household_agent_11,145.0,41.0,4863.0
3371,,,4966.0,4796.0,household_agent_8,1008.0,41.0,household_agent_11,52.0,41.0,4848.0
3372,,,4967.0,4796.0,household_agent_10,1010.0,41.0,household_agent_11,62.0,41.0,4858.0
3373,,,4968.0,4796.0,household_agent_12,1012.0,41.0,household_agent_11,85.0,41.0,4881.0
3374,,,4969.0,4796.0,household_agent_4,1004.0,41.0,household_agent_11,175.0,41.0,4971.0
3375,,,5022.0,4885.0,household_agent_8,1008.0,41.0,household_agent_11,47.0,41.0,4932.0
3376,,,5023.0,4885.0,household_agent_10,1010.0,41.0,household_agent_11,58.0,41.0,4943.0
3377,,,5024.0,4885.0,household_agent_12,1012.0,41.0,household_agent_11,61.0,41.0,4946.0
3378,,,5025.0,4885.0,household_agent_4,1004.0,41.0,household_agent_11,296.0,41.0,5181.0
3379,,,5078.0,4945.0,household_agent_8,1008.0,41.0,household_agent_11,53.0,41.0,4998.0
3380,,,5079.0,4945.0,household_agent_10,1010.0,41.0,household_agent_11,58.0,41.0,5003.0
3381,,,5080.0,4945.0,household_agent_12,1012.0,41.0,household_agent_11,64.0,41.0,5009.0
3382,,,5081.0,4945.0,household_agent_4,1004.0,41.0,household_agent_11,244.0,41.0,5189.0
3383,,,5134.0,5015.0,household_agent_8,1008.0,41.0,household_agent_11,74.0,41.0,5089.0
3384,,,5135.0,5015.0,household_agent_10,1010.0,41.0,household_agent_11,84.0,41.0,5099.0
3385,,,5136.0,5015.0,household_agent_12,1012.0,41.0,household_agent_11,101.0,41.0,5116.0
3386,,,5137.0,5015.0,household_agent_4,1004.0,41.0,household_agent_11,213.0,82.0,5228.0
3387,,,5190.0,5034.0,household_agent_8,1008.0,41.0,household_agent_11,104.0,41.0,5138.0
3388,,,5191.0,5034.0,household_agent_10,1010.0,41.0,household_agent_11,114.0,41.0,5148.0
3389,,,5192.0,5034.0,household_agent_12,1012.0,41.0,household_agent_11,131.0,41.0,5165.0
3390,,,5246.0,5092.0,household_agent_8,1008.0,41.0,household_agent_11,51.0,41.0,5143.0
3391,,,5247.0,5092.0,household_agent_10,1010.0,41.0,household_agent_11,62.0,41.0,5154.0
3392,,,5248.0,5092.0,household_agent_12,1012.0,41.0,household_agent_11,79.0,41.0,5171.0
3393,,,5249.0,5092.0,household_agent_4,1004.0,41.0,household_agent_11,170.0,41.0,5262.0
3394,,,58.0,127.0,household_agent_10,1010.0,41.0,household_agent_12,63.0,41.0,190.0
3395,,,59.0,127.0,household_agent_11,1011.0,41.0,household_agent_12,68.0,41.0,195.0
3396,,,60.0,127.0,generation_agent_0,1013.0,41.0,household_agent_12,74.0,41.0,201.0
3397,,,114.0,205.0,household_agent_10,1010.0,41.0,household_agent_12,58.0,41.0,263.0
3398,,,115.0,205.0,household_agent_11,1011.0,41.0,household_agent_12,117.0,41.0,322.0
3399,,,116.0,205.0,generation_agent_0,1013.0,41.0,household_agent_12,74.0,41.0,279.0
3400,,,170.0,253.0,household_agent_10,1010.0,41.0,household_agent_12,60.0,41.0,313.0
3401,,,171.0,253.0,household_agent_11,1011.0,41.0,household_agent_12,131.0,41.0,384.0
3402,,,172.0,253.0,generation_agent_0,1013.0,41.0,household_agent_12,81.0,41.0,334.0
3403,,,226.0,303.0,household_agent_10,1010.0,41.0,household_agent_12,60.0,41.0,363.0
3404,,,227.0,303.0,household_agent_11,1011.0,41.0,household_agent_12,89.0,41.0,392.0
3405,,,228.0,303.0,generation_agent_0,1013.0,41.0,household_agent_12,71.0,41.0,374.0
3406,,,282.0,397.0,household_agent_10,1010.0,41.0,household_agent_12,59.0,41.0,456.0
3407,,,283.0,397.0,household_agent_11,1011.0,41.0,household_agent_12,158.0,82.0,555.0
3408,,,284.0,397.0,generation_agent_0,1013.0,41.0,household_agent_12,64.0,41.0,461.0
3409,,,338.0,455.0,household_agent_10,1010.0,41.0,household_agent_12,69.0,41.0,524.0
3410,,,340.0,455.0,generation_agent_0,1013.0,41.0,household_agent_12,80.0,41.0,535.0
3411,,,394.0,461.0,household_agent_10,1010.0,41.0,household_agent_12,105.0,41.0,566.0
3412,,,395.0,461.0,household_agent_11,1011.0,41.0,household_agent_12,125.0,41.0,586.0
3413,,,396.0,461.0,generation_agent_0,1013.0,41.0,household_agent_12,136.0,41.0,597.0
3414,,,450.0,559.0,household_agent_10,1010.0,41.0,household_agent_12,79.0,41.0,638.0
3415,,,451.0,559.0,household_agent_11,1011.0,41.0,household_agent_12,83.0,41.0,642.0
3416,,,452.0,559.0,generation_agent_0,1013.0,41.0,household_agent_12,89.0,41.0,648.0
3417,,,506.0,571.0,household_agent_10,1010.0,41.0,household_agent_12,95.0,41.0,666.0
3418,,,507.0,571.0,household_agent_11,1011.0,41.0,household_agent_12,124.0,41.0,695.0
3419,,,508.0,571.0,generation_agent_0,1013.0,41.0,household_agent_12,131.0,41.0,702.0
3420,,,562.0,669.0,household_agent_10,1010.0,41.0,household_agent_12,94.0,82.0,763.0
3421,,,563.0,669.0,household_agent_11,1011.0,41.0,household_agent_12,153.0,123.0,822.0
3422,,,564.0,669.0,generation_agent_0,1013.0,41.0,household_agent_12,125.0,82.0,794.0
3423,,,674.0,707.0,household_agent_10,1010.0,41.0,household_agent_12,99.0,41.0,806.0
3424,,,676.0,707.0,generation_agent_0,1013.0,41.0,household_agent_12,126.0,41.0,833.0
3425,,,730.0,753.0,household_agent_10,1010.0,41.0,household_agent_12,53.0,41.0,806.0
3426,,,731.0,753.0,household_agent_11,1011.0,41.0,household_agent_12,106.0,41.0,859.0
3427,,,732.0,753.0,generation_agent_0,1013.0,41.0,household_agent_12,116.0,41.0,869.0
3428,,,786.0,843.0,household_agent_10,1010.0,41.0,household_agent_12,55.0,41.0,898.0
3429,,,787.0,843.0,household_agent_11,1011.0,41.0,household_agent_12,66.0,41.0,909.0
3430,,,788.0,843.0,generation_agent_0,1013.0,41.0,household_agent_12,78.0,41.0,921.0
3431,,,842.0,943.0,household_agent_10,1010.0,41.0,household_agent_12,50.0,41.0,993.0
3432,,,843.0,943.0,household_agent_11,1011.0,41.0,household_agent_12,59.0,41.0,1002.0
3433,,,844.0,943.0,generation_agent_0,1013.0,41.0,household_agent_12,72.0,41.0,1015.0
3434,,,898.0,986.0,household_agent_10,1010.0,41.0,household_agent_12,50.0,41.0,1036.0
3435,,,899.0,986.0,household_agent_11,1011.0,41.0,household_agent_12,153.0,41.0,1139.0
3436,,,900.0,986.0,generation_agent_0,1013.0,41.0,household_agent_12,93.0,41.0,1079.0
3437,,,954.0,1026.0,household_agent_10,1010.0,41.0,household_agent_12,98.0,41.0,1124.0
3438,,,955.0,1026.0,household_agent_11,1011.0,41.0,household_agent_12,133.0,82.0,1159.0
3439,,,956.0,1026.0,generation_agent_0,1013.0,41.0,household_agent_12,77.0,41.0,1103.0
3440,,,1010.0,1044.0,household_agent_10,1010.0,41.0,household_agent_12,139.0,41.0,1183.0
3441,,,1012.0,1044.0,generation_agent_0,1013.0,41.0,household_agent_12,101.0,41.0,1145.0
3442,,,1066.0,1104.0,household_agent_10,1010.0,41.0,household_agent_12,96.0,41.0,1200.0
3443,,,1067.0,1104.0,household_agent_11,1011.0,41.0,household_agent_12,117.0,41.0,1221.0
3444,,,1068.0,1104.0,generation_agent_0,1013.0,41.0,household_agent_12,105.0,41.0,1209.0
3445,,,1122.0,1148.0,household_agent_10,1010.0,41.0,household_agent_12,120.0,41.0,1268.0
3446,,,1123.0,1148.0,household_agent_11,1011.0,41.0,household_agent_12,169.0,41.0,1317.0
3447,,,1124.0,1148.0,generation_agent_0,1013.0,41.0,household_agent_12,96.0,41.0,1244.0
3448,,,1178.0,1205.0,household_agent_10,1010.0,41.0,household_agent_12,63.0,41.0,1268.0
3449,,,1179.0,1205.0,household_agent_11,1011.0,41.0,household_agent_12,160.0,82.0,1365.0
3450,,,1180.0,1205.0,generation_agent_0,1013.0,41.0,household_agent_12,79.0,41.0,1284.0
3451,,,1234.0,1211.0,household_agent_10,1010.0,41.0,household_agent_12,94.0,41.0,1305.0
3452,,,1236.0,1211.0,generation_agent_0,1013.0,41.0,household_agent_12,121.0,41.0,1332.0
3453,,,1290.0,1286.0,household_agent_10,1010.0,41.0,household_agent_12,46.0,41.0,1332.0
3454,,,1291.0,1286.0,household_agent_11,1011.0,41.0,household_agent_12,120.0,41.0,1406.0
3455,,,1292.0,1286.0,generation_agent_0,1013.0,41.0,household_agent_12,93.0,41.0,1379.0
3456,,,1346.0,1357.0,household_agent_10,1010.0,41.0,household_agent_12,44.0,41.0,1401.0
3457,,,1347.0,1357.0,household_agent_11,1011.0,41.0,household_agent_12,55.0,41.0,1412.0
3458,,,1348.0,1357.0,generation_agent_0,1013.0,41.0,household_agent_12,66.0,41.0,1423.0
3459,,,1402.0,1406.0,household_agent_10,1010.0,41.0,household_agent_12,55.0,41.0,1461.0
3460,,,1403.0,1406.0,household_agent_11,1011.0,41.0,household_agent_12,59.0,41.0,1465.0
3461,,,1404.0,1406.0,generation_agent_0,1013.0,41.0,household_agent_12,67.0,41.0,1473.0
3462,,,1458.0,1470.0,household_agent_10,1010.0,41.0,household_agent_12,51.0,41.0,1521.0
3463,,,1459.0,1470.0,household_agent_11,1011.0,41.0,household_agent_12,73.0,41.0,1543.0
3464,,,1460.0,1470.0,generation_agent_0,1013.0,41.0,household_agent_12,71.0,41.0,1541.0
3465,,,1514.0,1570.0,household_agent_10,1010.0,41.0,household_agent_12,65.0,41.0,1635.0
3466,,,1515.0,1570.0,household_agent_11,1011.0,41.0,household_agent_12,116.0,41.0,1686.0
3467,,,1516.0,1570.0,generation_agent_0,1013.0,41.0,household_agent_12,75.0,41.0,1645.0
3468,,,1570.0,1621.0,household_agent_10,1010.0,41.0,household_agent_12,78.0,41.0,1699.0
3469,,,1571.0,1621.0,household_agent_11,1011.0,41.0,household_agent_12,109.0,41.0,1730.0
3470,,,1572.0,1621.0,generation_agent_0,1013.0,41.0,household_agent_12,67.0,41.0,1688.0
3471,,,1626.0,1704.0,household_agent_10,1010.0,41.0,household_agent_12,52.0,41.0,1756.0
3472,,,1627.0,1704.0,household_agent_11,1011.0,41.0,household_agent_12,63.0,41.0,1767.0
3473,,,1628.0,1704.0,generation_agent_0,1013.0,41.0,household_agent_12,114.0,41.0,1818.0
3474,,,1682.0,1744.0,household_agent_10,1010.0,41.0,household_agent_12,111.0,82.0,1855.0
3475,,,1683.0,1744.0,household_agent_11,1011.0,41.0,household_agent_12,138.0,123.0,1882.0
3476,,,1684.0,1744.0,generation_agent_0,1013.0,41.0,household_agent_12,123.0,123.0,1867.0
3477,,,1794.0,1787.0,household_agent_10,1010.0,41.0,household_agent_12,72.0,41.0,1859.0
3478,,,1850.0,1789.0,household_agent_10,1010.0,41.0,household_agent_12,114.0,41.0,1903.0
3479,,,1851.0,1789.0,household_agent_11,1011.0,41.0,household_agent_12,155.0,41.0,1944.0
3480,,,1852.0,1789.0,generation_agent_0,1013.0,41.0,household_agent_12,130.0,41.0,1919.0
3481,,,1906.0,1873.0,household_agent_10,1010.0,41.0,household_agent_12,83.0,41.0,1956.0
3482,,,1907.0,1873.0,household_agent_11,1011.0,41.0,household_agent_12,93.0,41.0,1966.0
3483,,,1908.0,1873.0,generation_agent_0,1013.0,41.0,household_agent_12,99.0,41.0,1972.0
3484,,,1962.0,1881.0,household_agent_10,1010.0,41.0,household_agent_12,96.0,41.0,1977.0
3485,,,1963.0,1881.0,household_agent_11,1011.0,41.0,household_agent_12,131.0,41.0,2012.0
3486,,,1964.0,1881.0,generation_agent_0,1013.0,41.0,household_agent_12,134.0,41.0,2015.0
3487,,,2018.0,1979.0,household_agent_10,1010.0,41.0,household_agent_12,90.0,41.0,2069.0
3488,,,2019.0,1979.0,household_agent_11,1011.0,41.0,household_agent_12,129.0,82.0,2108.0
3489,,,2020.0,1979.0,generation_agent_0,1013.0,41.0,household_agent_12,98.0,41.0,2077.0
3490,,,2074.0,2009.0,household_agent_10,1010.0,41.0,household_agent_12,81.0,41.0,2090.0
3491,,,2076.0,2009.0,generation_agent_0,1013.0,41.0,household_agent_12,75.0,41.0,2084.0
3492,,,2130.0,2030.0,household_agent_10,1010.0,41.0,household_agent_12,113.0,41.0,2143.0
3493,,,2131.0,2030.0,household_agent_11,1011.0,41.0,household_agent_12,121.0,41.0,2151.0
3494,,,2132.0,2030.0,generation_agent_0,1013.0,41.0,household_agent_12,88.0,41.0,2118.0
3495,,,2186.0,2090.0,household_agent_10,1010.0,41.0,household_agent_12,53.0,41.0,2143.0
3496,,,2187.0,2090.0,household_agent_11,1011.0,41.0,household_agent_12,61.0,41.0,2151.0
3497,,,2188.0,2090.0,generation_agent_0,1013.0,41.0,household_agent_12,74.0,41.0,2164.0
3498,,,2242.0,2162.0,household_agent_10,1010.0,41.0,household_agent_12,79.0,41.0,2241.0
3499,,,2243.0,2162.0,household_agent_11,1011.0,41.0,household_agent_12,62.0,41.0,2224.0
3500,,,2244.0,2162.0,generation_agent_0,1013.0,41.0,household_agent_12,84.0,41.0,2246.0
3501,,,2298.0,2167.0,household_agent_10,1010.0,41.0,household_agent_12,124.0,41.0,2291.0
3502,,,2299.0,2167.0,household_agent_11,1011.0,41.0,household_agent_12,106.0,41.0,2273.0
3503,,,2300.0,2167.0,generation_agent_0,1013.0,41.0,household_agent_12,124.0,41.0,2291.0
3504,,,2354.0,2239.0,household_agent_10,1010.0,41.0,household_agent_12,84.0,82.0,2323.0
3505,,,2355.0,2239.0,household_agent_11,1011.0,41.0,household_agent_12,96.0,41.0,2335.0
3506,,,2356.0,2239.0,generation_agent_0,1013.0,41.0,household_agent_12,106.0,82.0,2345.0
3507,,,2411.0,2253.0,household_agent_11,1011.0,41.0,household_agent_12,146.0,82.0,2399.0
3508,,,2466.0,2269.0,household_agent_10,1010.0,41.0,household_agent_12,114.0,41.0,2383.0
3509,,,2468.0,2269.0,generation_agent_0,1013.0,41.0,household_agent_12,97.0,41.0,2366.0
3510,,,2522.0,2336.0,household_agent_10,1010.0,41.0,household_agent_12,103.0,41.0,2439.0
3511,,,2523.0,2336.0,household_agent_11,1011.0,41.0,household_agent_12,115.0,41.0,2451.0
3512,,,2524.0,2336.0,generation_agent_0,1013.0,41.0,household_agent_12,74.0,41.0,2410.0
3513,,,2578.0,2368.0,household_agent_10,1010.0,41.0,household_agent_12,157.0,41.0,2525.0
3514,,,2579.0,2368.0,household_agent_11,1011.0,41.0,household_agent_12,129.0,41.0,2497.0
3515,,,2580.0,2368.0,generation_agent_0,1013.0,41.0,household_agent_12,151.0,41.0,2519.0
3516,,,2634.0,2417.0,household_agent_10,1010.0,41.0,household_agent_12,123.0,41.0,2540.0
3517,,,2635.0,2417.0,household_agent_11,1011.0,41.0,household_agent_12,112.0,41.0,2529.0
3518,,,2636.0,2417.0,generation_agent_0,1013.0,41.0,household_agent_12,146.0,41.0,2563.0
3519,,,2690.0,2489.0,household_agent_10,1010.0,41.0,household_agent_12,90.0,41.0,2579.0
3520,,,2691.0,2489.0,household_agent_11,1011.0,41.0,household_agent_12,62.0,41.0,2551.0
3521,,,2692.0,2489.0,generation_agent_0,1013.0,41.0,household_agent_12,74.0,41.0,2563.0
3522,,,2746.0,2569.0,household_agent_10,1010.0,41.0,household_agent_12,50.0,41.0,2619.0
3523,,,2747.0,2569.0,household_agent_11,1011.0,41.0,household_agent_12,61.0,41.0,2630.0
3524,,,2748.0,2569.0,generation_agent_0,1013.0,41.0,household_agent_12,66.0,41.0,2635.0
3525,,,2802.0,2640.0,household_agent_10,1010.0,41.0,household_agent_12,61.0,41.0,2701.0
3526,,,2803.0,2640.0,household_agent_11,1011.0,41.0,household_agent_12,87.0,41.0,2727.0
3527,,,2804.0,2640.0,generation_agent_0,1013.0,41.0,household_agent_12,94.0,41.0,2734.0
3528,,,2858.0,2652.0,household_agent_10,1010.0,41.0,household_agent_12,96.0,41.0,2748.0
3529,,,2859.0,2652.0,household_agent_11,1011.0,41.0,household_agent_12,129.0,41.0,2781.0
3530,,,2860.0,2652.0,generation_agent_0,1013.0,41.0,household_agent_12,114.0,41.0,2766.0
3531,,,2914.0,2699.0,household_agent_10,1010.0,41.0,household_agent_12,49.0,41.0,2748.0
3532,,,2915.0,2699.0,household_agent_11,1011.0,41.0,household_agent_12,117.0,41.0,2816.0
3533,,,2916.0,2699.0,generation_agent_0,1013.0,41.0,household_agent_12,93.0,41.0,2792.0
3534,,,2970.0,2799.0,household_agent_10,1010.0,41.0,household_agent_12,51.0,41.0,2850.0
3535,,,2971.0,2799.0,household_agent_11,1011.0,41.0,household_agent_12,97.0,41.0,2896.0
3536,,,2972.0,2799.0,generation_agent_0,1013.0,41.0,household_agent_12,108.0,41.0,2907.0
3537,,,3026.0,2839.0,household_agent_10,1010.0,41.0,household_agent_12,89.0,41.0,2928.0
3538,,,3027.0,2839.0,household_agent_11,1011.0,41.0,household_agent_12,123.0,41.0,2962.0
3539,,,3028.0,2839.0,generation_agent_0,1013.0,41.0,household_agent_12,96.0,41.0,2935.0
3540,,,3082.0,2873.0,household_agent_10,1010.0,41.0,household_agent_12,84.0,41.0,2957.0
3541,,,3083.0,2873.0,household_agent_11,1011.0,41.0,household_agent_12,95.0,41.0,2968.0
3542,,,3084.0,2873.0,generation_agent_0,1013.0,41.0,household_agent_12,100.0,41.0,2973.0
3543,,,3138.0,2968.0,household_agent_10,1010.0,41.0,household_agent_12,48.0,41.0,3016.0
3544,,,3139.0,2968.0,household_agent_11,1011.0,41.0,household_agent_12,117.0,41.0,3085.0
3545,,,3140.0,2968.0,generation_agent_0,1013.0,41.0,household_agent_12,107.0,41.0,3075.0
3546,,,3194.0,3002.0,household_agent_10,1010.0,41.0,household_agent_12,48.0,41.0,3050.0
3547,,,3195.0,3002.0,household_agent_11,1011.0,41.0,household_agent_12,109.0,41.0,3111.0
3548,,,3196.0,3002.0,generation_agent_0,1013.0,41.0,household_agent_12,120.0,41.0,3122.0
3549,,,3250.0,3045.0,household_agent_10,1010.0,41.0,household_agent_12,60.0,41.0,3105.0
3550,,,3251.0,3045.0,household_agent_11,1011.0,41.0,household_agent_12,115.0,41.0,3160.0
3551,,,3252.0,3045.0,generation_agent_0,1013.0,41.0,household_agent_12,82.0,41.0,3127.0
3552,,,3306.0,3096.0,household_agent_10,1010.0,41.0,household_agent_12,53.0,41.0,3149.0
3553,,,3307.0,3096.0,household_agent_11,1011.0,41.0,household_agent_12,119.0,41.0,3215.0
3554,,,3308.0,3096.0,generation_agent_0,1013.0,41.0,household_agent_12,69.0,41.0,3165.0
3555,,,3362.0,3161.0,household_agent_10,1010.0,41.0,household_agent_12,97.0,41.0,3258.0
3556,,,3363.0,3161.0,household_agent_11,1011.0,41.0,household_agent_12,81.0,41.0,3242.0
3557,,,3364.0,3161.0,generation_agent_0,1013.0,41.0,household_agent_12,103.0,41.0,3264.0
3558,,,3418.0,3188.0,household_agent_10,1010.0,41.0,household_agent_12,104.0,41.0,3292.0
3559,,,3419.0,3188.0,household_agent_11,1011.0,41.0,household_agent_12,93.0,41.0,3281.0
3560,,,3420.0,3188.0,generation_agent_0,1013.0,41.0,household_agent_12,117.0,41.0,3305.0
3561,,,3474.0,3275.0,household_agent_10,1010.0,41.0,household_agent_12,53.0,41.0,3328.0
3562,,,3475.0,3275.0,household_agent_11,1011.0,41.0,household_agent_12,60.0,41.0,3335.0
3563,,,3476.0,3275.0,generation_agent_0,1013.0,41.0,household_agent_12,70.0,41.0,3345.0
3564,,,3530.0,3345.0,household_agent_10,1010.0,41.0,household_agent_12,73.0,41.0,3418.0
3565,,,3531.0,3345.0,household_agent_11,1011.0,41.0,household_agent_12,94.0,41.0,3439.0
3566,,,3532.0,3345.0,generation_agent_0,1013.0,41.0,household_agent_12,83.0,41.0,3428.0
3567,,,3586.0,3353.0,household_agent_10,1010.0,41.0,household_agent_12,100.0,41.0,3453.0
3568,,,3587.0,3353.0,household_agent_11,1011.0,41.0,household_agent_12,121.0,41.0,3474.0
3569,,,3588.0,3353.0,generation_agent_0,1013.0,41.0,household_agent_12,115.0,41.0,3468.0
3570,,,3642.0,3433.0,household_agent_10,1010.0,41.0,household_agent_12,69.0,41.0,3502.0
3571,,,3643.0,3433.0,household_agent_11,1011.0,41.0,household_agent_12,75.0,41.0,3508.0
3572,,,3644.0,3433.0,generation_agent_0,1013.0,41.0,household_agent_12,80.0,41.0,3513.0
3573,,,3698.0,3526.0,household_agent_10,1010.0,41.0,household_agent_12,57.0,41.0,3583.0
3574,,,3699.0,3526.0,household_agent_11,1011.0,41.0,household_agent_12,73.0,41.0,3599.0
3575,,,3700.0,3526.0,generation_agent_0,1013.0,41.0,household_agent_12,62.0,41.0,3588.0
3576,,,3754.0,3617.0,household_agent_10,1010.0,41.0,household_agent_12,63.0,41.0,3680.0
3577,,,3755.0,3617.0,household_agent_11,1011.0,41.0,household_agent_12,74.0,41.0,3691.0
3578,,,3756.0,3617.0,generation_agent_0,1013.0,41.0,household_agent_12,81.0,41.0,3698.0
3579,,,3810.0,3676.0,household_agent_10,1010.0,41.0,household_agent_12,45.0,41.0,3721.0
3580,,,3811.0,3676.0,household_agent_11,1011.0,41.0,household_agent_12,89.0,41.0,3765.0
3581,,,3812.0,3676.0,generation_agent_0,1013.0,41.0,household_agent_12,96.0,41.0,3772.0
3582,,,3866.0,3709.0,household_agent_10,1010.0,41.0,household_agent_12,51.0,41.0,3760.0
3583,,,3867.0,3709.0,household_agent_11,1011.0,41.0,household_agent_12,139.0,41.0,3848.0
3584,,,3868.0,3709.0,generation_agent_0,1013.0,41.0,household_agent_12,111.0,41.0,3820.0
3585,,,3922.0,3765.0,household_agent_10,1010.0,41.0,household_agent_12,44.0,41.0,3809.0
3586,,,3923.0,3765.0,household_agent_11,1011.0,41.0,household_agent_12,99.0,41.0,3864.0
3587,,,3924.0,3765.0,generation_agent_0,1013.0,41.0,household_agent_12,56.0,41.0,3821.0
3588,,,3978.0,3849.0,household_agent_10,1010.0,41.0,household_agent_12,50.0,41.0,3899.0
3589,,,3979.0,3849.0,household_agent_11,1011.0,41.0,household_agent_12,74.0,41.0,3923.0
3590,,,3980.0,3849.0,generation_agent_0,1013.0,41.0,household_agent_12,62.0,41.0,3911.0
3591,,,4034.0,3945.0,household_agent_10,1010.0,41.0,household_agent_12,63.0,41.0,4008.0
3592,,,4035.0,3945.0,household_agent_11,1011.0,41.0,household_agent_12,74.0,41.0,4019.0
3593,,,4036.0,3945.0,generation_agent_0,1013.0,41.0,household_agent_12,79.0,41.0,4024.0
3594,,,4090.0,4033.0,household_agent_10,1010.0,41.0,household_agent_12,63.0,41.0,4096.0
3595,,,4091.0,4033.0,household_agent_11,1011.0,41.0,household_agent_12,74.0,41.0,4107.0
3596,,,4092.0,4033.0,generation_agent_0,1013.0,41.0,household_agent_12,85.0,41.0,4118.0
3597,,,4146.0,4118.0,household_agent_10,1010.0,41.0,household_agent_12,87.0,41.0,4205.0
3598,,,4147.0,4118.0,household_agent_11,1011.0,41.0,household_agent_12,138.0,82.0,4256.0
3599,,,4148.0,4118.0,generation_agent_0,1013.0,41.0,household_agent_12,103.0,41.0,4221.0
3600,,,4202.0,4153.0,household_agent_10,1010.0,41.0,household_agent_12,92.0,41.0,4245.0
3601,,,4204.0,4153.0,generation_agent_0,1013.0,41.0,household_agent_12,113.0,41.0,4266.0
3602,,,4258.0,4175.0,household_agent_10,1010.0,41.0,household_agent_12,124.0,41.0,4299.0
3603,,,4259.0,4175.0,household_agent_11,1011.0,41.0,household_agent_12,165.0,41.0,4340.0
3604,,,4260.0,4175.0,generation_agent_0,1013.0,41.0,household_agent_12,133.0,41.0,4308.0
3605,,,4314.0,4245.0,household_agent_10,1010.0,41.0,household_agent_12,114.0,82.0,4359.0
3606,,,4315.0,4245.0,household_agent_11,1011.0,41.0,household_agent_12,96.0,82.0,4341.0
3607,,,4316.0,4245.0,generation_agent_0,1013.0,41.0,household_agent_12,119.0,82.0,4364.0
3608,,,4426.0,4279.0,household_agent_10,1010.0,41.0,household_agent_12,138.0,41.0,4417.0
3609,,,4427.0,4279.0,household_agent_11,1011.0,41.0,household_agent_12,127.0,41.0,4406.0
3610,,,4428.0,4279.0,generation_agent_0,1013.0,41.0,household_agent_12,119.0,41.0,4398.0
3611,,,4482.0,4333.0,household_agent_10,1010.0,41.0,household_agent_12,118.0,41.0,4451.0
3612,,,4483.0,4333.0,household_agent_11,1011.0,41.0,household_agent_12,122.0,41.0,4455.0
3613,,,4484.0,4333.0,generation_agent_0,1013.0,41.0,household_agent_12,106.0,41.0,4439.0
3614,,,4538.0,4366.0,household_agent_10,1010.0,41.0,household_agent_12,130.0,41.0,4496.0
3615,,,4539.0,4366.0,household_agent_11,1011.0,41.0,household_agent_12,148.0,41.0,4514.0
3616,,,4540.0,4366.0,generation_agent_0,1013.0,41.0,household_agent_12,103.0,41.0,4469.0
3617,,,4594.0,4416.0,household_agent_10,1010.0,41.0,household_agent_12,122.0,41.0,4538.0
3618,,,4595.0,4416.0,household_agent_11,1011.0,41.0,household_agent_12,153.0,41.0,4569.0
3619,,,4596.0,4416.0,generation_agent_0,1013.0,41.0,household_agent_12,67.0,41.0,4483.0
3620,,,4650.0,4488.0,household_agent_10,1010.0,41.0,household_agent_12,54.0,41.0,4542.0
3621,,,4651.0,4488.0,household_agent_11,1011.0,41.0,household_agent_12,97.0,41.0,4585.0
3622,,,4652.0,4488.0,generation_agent_0,1013.0,41.0,household_agent_12,65.0,41.0,4553.0
3623,,,4706.0,4494.0,household_agent_10,1010.0,41.0,household_agent_12,85.0,41.0,4579.0
3624,,,4707.0,4494.0,household_agent_11,1011.0,41.0,household_agent_12,134.0,41.0,4628.0
3625,,,4708.0,4494.0,generation_agent_0,1013.0,41.0,household_agent_12,96.0,41.0,4590.0
3626,,,4762.0,4591.0,household_agent_10,1010.0,41.0,household_agent_12,73.0,41.0,4664.0
3627,,,4763.0,4591.0,household_agent_11,1011.0,41.0,household_agent_12,51.0,41.0,4642.0
3628,,,4764.0,4591.0,generation_agent_0,1013.0,41.0,household_agent_12,79.0,41.0,4670.0
3629,,,4818.0,4647.0,household_agent_10,1010.0,41.0,household_agent_12,54.0,41.0,4701.0
3630,,,4819.0,4647.0,household_agent_11,1011.0,41.0,household_agent_12,65.0,41.0,4712.0
3631,,,4820.0,4647.0,generation_agent_0,1013.0,41.0,household_agent_12,92.0,41.0,4739.0
3632,,,4874.0,4714.0,household_agent_10,1010.0,41.0,household_agent_12,54.0,41.0,4768.0
3633,,,4875.0,4714.0,household_agent_11,1011.0,41.0,household_agent_12,74.0,41.0,4788.0
3634,,,4876.0,4714.0,generation_agent_0,1013.0,41.0,household_agent_12,83.0,41.0,4797.0
3635,,,4930.0,4718.0,household_agent_10,1010.0,41.0,household_agent_12,93.0,41.0,4811.0
3636,,,4931.0,4718.0,household_agent_11,1011.0,41.0,household_agent_12,104.0,41.0,4822.0
3637,,,4932.0,4718.0,generation_agent_0,1013.0,41.0,household_agent_12,120.0,41.0,4838.0
3638,,,4986.0,4796.0,household_agent_10,1010.0,41.0,household_agent_12,65.0,41.0,4861.0
3639,,,4987.0,4796.0,household_agent_11,1011.0,41.0,household_agent_12,93.0,41.0,4889.0
3640,,,4988.0,4796.0,generation_agent_0,1013.0,41.0,household_agent_12,70.0,41.0,4866.0
3641,,,5042.0,4885.0,household_agent_10,1010.0,41.0,household_agent_12,48.0,41.0,4933.0
3642,,,5043.0,4885.0,household_agent_11,1011.0,41.0,household_agent_12,72.0,41.0,4957.0
3643,,,5044.0,4885.0,generation_agent_0,1013.0,41.0,household_agent_12,59.0,41.0,4944.0
3644,,,5098.0,4945.0,household_agent_10,1010.0,41.0,household_agent_12,47.0,41.0,4992.0
3645,,,5099.0,4945.0,household_agent_11,1011.0,41.0,household_agent_12,84.0,41.0,5029.0
3646,,,5100.0,4945.0,generation_agent_0,1013.0,41.0,household_agent_12,58.0,41.0,5003.0
3647,,,5154.0,5015.0,household_agent_10,1010.0,41.0,household_agent_12,70.0,41.0,5085.0
3648,,,5155.0,5015.0,household_agent_11,1011.0,41.0,household_agent_12,83.0,41.0,5098.0
3649,,,5156.0,5015.0,generation_agent_0,1013.0,41.0,household_agent_12,106.0,41.0,5121.0
3650,,,5210.0,5034.0,household_agent_10,1010.0,41.0,household_agent_12,82.0,41.0,5116.0
3651,,,5211.0,5034.0,household_agent_11,1011.0,41.0,household_agent_12,112.0,41.0,5146.0
3652,,,5212.0,5034.0,generation_agent_0,1013.0,41.0,household_agent_12,120.0,41.0,5154.0
3653,,,5266.0,5092.0,household_agent_10,1010.0,41.0,household_agent_12,49.0,41.0,5141.0
3654,,,5267.0,5092.0,household_agent_11,1011.0,41.0,household_agent_12,84.0,41.0,5176.0
3655,,,5268.0,5092.0,generation_agent_0,1013.0,41.0,household_agent_12,71.0,41.0,5163.0
3656,,,54.0,127.0,household_agent_12,1012.0,41.0,generation_agent_0,61.0,41.0,188.0
3657,,,55.0,127.0,generation_agent_1,1014.0,41.0,generation_agent_0,71.0,41.0,198.0
3658,,,110.0,205.0,household_agent_12,1012.0,41.0,generation_agent_0,50.0,41.0,255.0
3659,,,111.0,205.0,generation_agent_1,1014.0,41.0,generation_agent_0,57.0,41.0,262.0
3660,,,166.0,253.0,household_agent_12,1012.0,41.0,generation_agent_0,51.0,41.0,304.0
3661,,,167.0,253.0,generation_agent_1,1014.0,41.0,generation_agent_0,123.0,41.0,376.0
3662,,,222.0,303.0,household_agent_12,1012.0,41.0,generation_agent_0,62.0,41.0,365.0
3663,,,223.0,303.0,generation_agent_1,1014.0,41.0,generation_agent_0,106.0,41.0,409.0
3664,,,278.0,397.0,household_agent_12,1012.0,41.0,generation_agent_0,44.0,41.0,441.0
3665,,,279.0,397.0,generation_agent_1,1014.0,41.0,generation_agent_0,55.0,41.0,452.0
3666,,,334.0,455.0,household_agent_12,1012.0,41.0,generation_agent_0,69.0,41.0,524.0
3667,,,335.0,455.0,generation_agent_1,1014.0,41.0,generation_agent_0,75.0,41.0,530.0
3668,,,390.0,461.0,household_agent_12,1012.0,41.0,generation_agent_0,94.0,41.0,555.0
3669,,,391.0,461.0,generation_agent_1,1014.0,41.0,generation_agent_0,115.0,41.0,576.0
3670,,,446.0,559.0,household_agent_12,1012.0,41.0,generation_agent_0,58.0,41.0,617.0
3671,,,447.0,559.0,generation_agent_1,1014.0,41.0,generation_agent_0,127.0,41.0,686.0
3672,,,502.0,571.0,household_agent_12,1012.0,41.0,generation_agent_0,87.0,41.0,658.0
3673,,,503.0,571.0,generation_agent_1,1014.0,41.0,generation_agent_0,175.0,41.0,746.0
3674,,,558.0,669.0,household_agent_12,1012.0,41.0,generation_agent_0,100.0,82.0,769.0
3675,,,559.0,669.0,generation_agent_1,1014.0,41.0,generation_agent_0,163.0,82.0,832.0
3676,,,670.0,707.0,household_agent_12,1012.0,41.0,generation_agent_0,101.0,41.0,808.0
3677,,,671.0,707.0,generation_agent_1,1014.0,41.0,generation_agent_0,125.0,41.0,832.0
3678,,,726.0,753.0,household_agent_12,1012.0,41.0,generation_agent_0,66.0,41.0,819.0
3679,,,727.0,753.0,generation_agent_1,1014.0,41.0,generation_agent_0,164.0,41.0,917.0
3680,,,782.0,843.0,household_agent_12,1012.0,41.0,generation_agent_0,52.0,41.0,895.0
3681,,,783.0,843.0,generation_agent_1,1014.0,41.0,generation_agent_0,85.0,41.0,928.0
3682,,,838.0,943.0,household_agent_12,1012.0,41.0,generation_agent_0,91.0,41.0,1034.0
3683,,,839.0,943.0,generation_agent_1,1014.0,41.0,generation_agent_0,133.0,41.0,1076.0
3684,,,894.0,986.0,household_agent_12,1012.0,41.0,generation_agent_0,84.0,41.0,1070.0
3685,,,895.0,986.0,generation_agent_1,1014.0,41.0,generation_agent_0,186.0,82.0,1172.0
3686,,,950.0,1026.0,household_agent_12,1012.0,41.0,generation_agent_0,68.0,41.0,1094.0
3687,,,1006.0,1044.0,household_agent_12,1012.0,41.0,generation_agent_0,85.0,41.0,1129.0
3688,,,1007.0,1044.0,generation_agent_1,1014.0,41.0,generation_agent_0,133.0,41.0,1177.0
3689,,,1062.0,1104.0,household_agent_12,1012.0,41.0,generation_agent_0,113.0,41.0,1217.0
3690,,,1063.0,1104.0,generation_agent_1,1014.0,41.0,generation_agent_0,138.0,41.0,1242.0
3691,,,1118.0,1148.0,household_agent_12,1012.0,41.0,generation_agent_0,118.0,41.0,1266.0
3692,,,1119.0,1148.0,generation_agent_1,1014.0,41.0,generation_agent_0,180.0,41.0,1328.0
3693,,,1174.0,1205.0,household_agent_12,1012.0,41.0,generation_agent_0,71.0,41.0,1276.0
3694,,,1175.0,1205.0,generation_agent_1,1014.0,41.0,generation_agent_0,169.0,82.0,1374.0
3695,,,1230.0,1211.0,household_agent_12,1012.0,41.0,generation_agent_0,98.0,41.0,1309.0
3696,,,1286.0,1286.0,household_agent_12,1012.0,41.0,generation_agent_0,72.0,41.0,1358.0
3697,,,1287.0,1286.0,generation_agent_1,1014.0,41.0,generation_agent_0,137.0,41.0,1423.0
3698,,,1342.0,1357.0,household_agent_12,1012.0,41.0,generation_agent_0,54.0,41.0,1411.0
3699,,,1343.0,1357.0,generation_agent_1,1014.0,41.0,generation_agent_0,155.0,41.0,1512.0
3700,,,1398.0,1406.0,household_agent_12,1012.0,41.0,generation_agent_0,51.0,41.0,1457.0
3701,,,1399.0,1406.0,generation_agent_1,1014.0,41.0,generation_agent_0,129.0,41.0,1535.0
3702,,,1454.0,1470.0,household_agent_12,1012.0,41.0,generation_agent_0,53.0,41.0,1523.0
3703,,,1455.0,1470.0,generation_agent_1,1014.0,41.0,generation_agent_0,108.0,41.0,1578.0
3704,,,1510.0,1570.0,household_agent_12,1012.0,41.0,generation_agent_0,65.0,41.0,1635.0
3705,,,1511.0,1570.0,generation_agent_1,1014.0,41.0,generation_agent_0,121.0,41.0,1691.0
3706,,,1566.0,1621.0,household_agent_12,1012.0,41.0,generation_agent_0,56.0,41.0,1677.0
3707,,,1567.0,1621.0,generation_agent_1,1014.0,41.0,generation_agent_0,150.0,41.0,1771.0
3708,,,1622.0,1704.0,household_agent_12,1012.0,41.0,generation_agent_0,57.0,41.0,1761.0
3709,,,1623.0,1704.0,generation_agent_1,1014.0,41.0,generation_agent_0,118.0,82.0,1822.0
3710,,,1678.0,1744.0,household_agent_12,1012.0,41.0,generation_agent_0,62.0,41.0,1806.0
3711,,,1734.0,1747.0,household_agent_12,1012.0,41.0,generation_agent_0,96.0,41.0,1843.0
3712,,,1735.0,1747.0,generation_agent_1,1014.0,41.0,generation_agent_0,210.0,82.0,1957.0
3713,,,1790.0,1787.0,household_agent_12,1012.0,41.0,generation_agent_0,62.0,41.0,1849.0
3714,,,1846.0,1789.0,household_agent_12,1012.0,41.0,generation_agent_0,100.0,41.0,1889.0
3715,,,1847.0,1789.0,generation_agent_1,1014.0,41.0,generation_agent_0,175.0,41.0,1964.0
3716,,,1902.0,1873.0,household_agent_12,1012.0,41.0,generation_agent_0,76.0,41.0,1949.0
3717,,,1903.0,1873.0,generation_agent_1,1014.0,41.0,generation_agent_0,167.0,82.0,2040.0
3718,,,1958.0,1881.0,household_agent_12,1012.0,41.0,generation_agent_0,129.0,41.0,2010.0
3719,,,2014.0,1979.0,household_agent_12,1012.0,41.0,generation_agent_0,78.0,41.0,2057.0
3720,,,2015.0,1979.0,generation_agent_1,1014.0,41.0,generation_agent_0,123.0,82.0,2102.0
3721,,,2070.0,2009.0,household_agent_12,1012.0,41.0,generation_agent_0,69.0,41.0,2078.0
3722,,,2126.0,2030.0,household_agent_12,1012.0,41.0,generation_agent_0,98.0,41.0,2128.0
3723,,,2127.0,2030.0,generation_agent_1,1014.0,41.0,generation_agent_0,148.0,41.0,2178.0
3724,,,2182.0,2090.0,household_agent_12,1012.0,41.0,generation_agent_0,50.0,41.0,2140.0
3725,,,2183.0,2090.0,generation_agent_1,1014.0,41.0,generation_agent_0,88.0,41.0,2178.0
3726,,,2238.0,2162.0,household_agent_12,1012.0,41.0,generation_agent_0,62.0,41.0,2224.0
3727,,,2239.0,2162.0,generation_agent_1,1014.0,41.0,generation_agent_0,347.0,287.0,2509.0
3728,,,2294.0,2167.0,household_agent_12,1012.0,41.0,generation_agent_0,97.0,41.0,2264.0
3729,,,2350.0,2239.0,household_agent_12,1012.0,41.0,generation_agent_0,89.0,41.0,2328.0
3730,,,2406.0,2253.0,household_agent_12,1012.0,41.0,generation_agent_0,113.0,82.0,2366.0
3731,,,2518.0,2336.0,household_agent_12,1012.0,41.0,generation_agent_0,50.0,41.0,2386.0
3732,,,2574.0,2368.0,household_agent_12,1012.0,41.0,generation_agent_0,59.0,41.0,2427.0
3733,,,2630.0,2417.0,household_agent_12,1012.0,41.0,generation_agent_0,75.0,41.0,2492.0
3734,,,2631.0,2417.0,generation_agent_1,1014.0,41.0,generation_agent_0,133.0,41.0,2550.0
3735,,,2686.0,2489.0,household_agent_12,1012.0,41.0,generation_agent_0,87.0,41.0,2576.0
3736,,,2687.0,2489.0,generation_agent_1,1014.0,41.0,generation_agent_0,76.0,41.0,2565.0
3737,,,2742.0,2569.0,household_agent_12,1012.0,41.0,generation_agent_0,52.0,41.0,2621.0
3738,,,2743.0,2569.0,generation_agent_1,1014.0,41.0,generation_agent_0,143.0,41.0,2712.0
3739,,,2798.0,2640.0,household_agent_12,1012.0,41.0,generation_agent_0,58.0,41.0,2698.0
3740,,,2799.0,2640.0,generation_agent_1,1014.0,41.0,generation_agent_0,79.0,41.0,2719.0
3741,,,2854.0,2652.0,household_agent_12,1012.0,41.0,generation_agent_0,108.0,41.0,2760.0
3742,,,2855.0,2652.0,generation_agent_1,1014.0,41.0,generation_agent_0,112.0,41.0,2764.0
3743,,,2910.0,2699.0,household_agent_12,1012.0,41.0,generation_agent_0,68.0,41.0,2767.0
3744,,,2911.0,2699.0,generation_agent_1,1014.0,41.0,generation_agent_0,71.0,41.0,2770.0
3745,,,2966.0,2799.0,household_agent_12,1012.0,41.0,generation_agent_0,54.0,41.0,2853.0
3746,,,2967.0,2799.0,generation_agent_1,1014.0,41.0,generation_agent_0,143.0,82.0,2942.0
3747,,,3022.0,2839.0,household_agent_12,1012.0,41.0,generation_agent_0,92.0,41.0,2931.0
3748,,,3078.0,2873.0,household_agent_12,1012.0,41.0,generation_agent_0,93.0,41.0,2966.0
3749,,,3079.0,2873.0,generation_agent_1,1014.0,41.0,generation_agent_0,156.0,41.0,3029.0
3750,,,3134.0,2968.0,household_agent_12,1012.0,41.0,generation_agent_0,44.0,41.0,3012.0
3751,,,3135.0,2968.0,generation_agent_1,1014.0,41.0,generation_agent_0,122.0,41.0,3090.0
3752,,,3190.0,3002.0,household_agent_12,1012.0,41.0,generation_agent_0,53.0,41.0,3055.0
3753,,,3191.0,3002.0,generation_agent_1,1014.0,41.0,generation_agent_0,94.0,41.0,3096.0
3754,,,3246.0,3045.0,household_agent_12,1012.0,41.0,generation_agent_0,70.0,41.0,3115.0
3755,,,3247.0,3045.0,generation_agent_1,1014.0,41.0,generation_agent_0,112.0,41.0,3157.0
3756,,,3302.0,3096.0,household_agent_12,1012.0,41.0,generation_agent_0,56.0,41.0,3152.0
3757,,,3303.0,3096.0,generation_agent_1,1014.0,41.0,generation_agent_0,90.0,41.0,3186.0
3758,,,3358.0,3161.0,household_agent_12,1012.0,41.0,generation_agent_0,83.0,41.0,3244.0
3759,,,3359.0,3161.0,generation_agent_1,1014.0,41.0,generation_agent_0,129.0,41.0,3290.0
3760,,,3414.0,3188.0,household_agent_12,1012.0,41.0,generation_agent_0,91.0,41.0,3279.0
3761,,,3415.0,3188.0,generation_agent_1,1014.0,41.0,generation_agent_0,143.0,41.0,3331.0
3762,,,3470.0,3275.0,household_agent_12,1012.0,41.0,generation_agent_0,52.0,41.0,3327.0
3763,,,3471.0,3275.0,generation_agent_1,1014.0,41.0,generation_agent_0,71.0,41.0,3346.0
3764,,,3526.0,3345.0,household_agent_12,1012.0,41.0,generation_agent_0,64.0,41.0,3409.0
3765,,,3527.0,3345.0,generation_agent_1,1014.0,41.0,generation_agent_0,90.0,41.0,3435.0
3766,,,3582.0,3353.0,household_agent_12,1012.0,41.0,generation_agent_0,101.0,41.0,3454.0
3767,,,3583.0,3353.0,generation_agent_1,1014.0,41.0,generation_agent_0,181.0,41.0,3534.0
3768,,,3638.0,3433.0,household_agent_12,1012.0,41.0,generation_agent_0,66.0,41.0,3499.0
3769,,,3639.0,3433.0,generation_agent_1,1014.0,41.0,generation_agent_0,101.0,41.0,3534.0
3770,,,3694.0,3526.0,household_agent_12,1012.0,41.0,generation_agent_0,46.0,41.0,3572.0
3771,,,3695.0,3526.0,generation_agent_1,1014.0,41.0,generation_agent_0,81.0,41.0,3607.0
3772,,,3750.0,3617.0,household_agent_12,1012.0,41.0,generation_agent_0,62.0,41.0,3679.0
3773,,,3751.0,3617.0,generation_agent_1,1014.0,41.0,generation_agent_0,179.0,41.0,3796.0
3774,,,3806.0,3676.0,household_agent_12,1012.0,41.0,generation_agent_0,53.0,41.0,3729.0
3775,,,3807.0,3676.0,generation_agent_1,1014.0,41.0,generation_agent_0,146.0,82.0,3822.0
3776,,,3862.0,3709.0,household_agent_12,1012.0,41.0,generation_agent_0,101.0,41.0,3810.0
3777,,,3918.0,3765.0,household_agent_12,1012.0,41.0,generation_agent_0,80.0,41.0,3845.0
3778,,,3919.0,3765.0,generation_agent_1,1014.0,41.0,generation_agent_0,157.0,41.0,3922.0
3779,,,3974.0,3849.0,household_agent_12,1012.0,41.0,generation_agent_0,54.0,41.0,3903.0
3780,,,3975.0,3849.0,generation_agent_1,1014.0,41.0,generation_agent_0,84.0,41.0,3933.0
3781,,,4030.0,3945.0,household_agent_12,1012.0,41.0,generation_agent_0,63.0,41.0,4008.0
3782,,,4031.0,3945.0,generation_agent_1,1014.0,41.0,generation_agent_0,98.0,41.0,4043.0
3783,,,4086.0,4033.0,household_agent_12,1012.0,41.0,generation_agent_0,50.0,41.0,4083.0
3784,,,4087.0,4033.0,generation_agent_1,1014.0,41.0,generation_agent_0,61.0,41.0,4094.0
3785,,,4142.0,4118.0,household_agent_12,1012.0,41.0,generation_agent_0,85.0,41.0,4203.0
3786,,,4143.0,4118.0,generation_agent_1,1014.0,41.0,generation_agent_0,135.0,82.0,4253.0
3787,,,4198.0,4153.0,household_agent_12,1012.0,41.0,generation_agent_0,88.0,41.0,4241.0
3788,,,4254.0,4175.0,household_agent_12,1012.0,41.0,generation_agent_0,112.0,41.0,4287.0
3789,,,4255.0,4175.0,generation_agent_1,1014.0,41.0,generation_agent_0,180.0,41.0,4355.0
3790,,,4310.0,4245.0,household_agent_12,1012.0,41.0,generation_agent_0,97.0,82.0,4342.0
3791,,,4311.0,4245.0,generation_agent_1,1014.0,41.0,generation_agent_0,172.0,82.0,4417.0
3792,,,4422.0,4279.0,household_agent_12,1012.0,41.0,generation_agent_0,106.0,41.0,4385.0
3793,,,4423.0,4279.0,generation_agent_1,1014.0,41.0,generation_agent_0,154.0,41.0,4433.0
3794,,,4478.0,4333.0,household_agent_12,1012.0,41.0,generation_agent_0,54.0,41.0,4387.0
3795,,,4479.0,4333.0,generation_agent_1,1014.0,41.0,generation_agent_0,156.0,82.0,4489.0
3796,,,4534.0,4366.0,household_agent_12,1012.0,41.0,generation_agent_0,103.0,41.0,4469.0
3797,,,4590.0,4416.0,household_agent_12,1012.0,41.0,generation_agent_0,87.0,41.0,4503.0
3798,,,4591.0,4416.0,generation_agent_1,1014.0,41.0,generation_agent_0,98.0,41.0,4514.0
3799,,,4646.0,4488.0,household_agent_12,1012.0,41.0,generation_agent_0,62.0,41.0,4550.0
3800,,,4647.0,4488.0,generation_agent_1,1014.0,41.0,generation_agent_0,84.0,41.0,4572.0
3801,,,4702.0,4494.0,household_agent_12,1012.0,41.0,generation_agent_0,100.0,41.0,4594.0
3802,,,4703.0,4494.0,generation_agent_1,1014.0,41.0,generation_agent_0,134.0,41.0,4628.0
3803,,,4758.0,4591.0,household_agent_12,1012.0,41.0,generation_agent_0,109.0,41.0,4700.0
3804,,,4759.0,4591.0,generation_agent_1,1014.0,41.0,generation_agent_0,131.0,41.0,4722.0
3805,,,4814.0,4647.0,household_agent_12,1012.0,41.0,generation_agent_0,112.0,41.0,4759.0
3806,,,4815.0,4647.0,generation_agent_1,1014.0,41.0,generation_agent_0,143.0,41.0,4790.0
3807,,,4870.0,4714.0,household_agent_12,1012.0,41.0,generation_agent_0,85.0,41.0,4799.0
3808,,,4871.0,4714.0,generation_agent_1,1014.0,41.0,generation_agent_0,103.0,41.0,4817.0
3809,,,4926.0,4718.0,household_agent_12,1012.0,41.0,generation_agent_0,130.0,41.0,4848.0
3810,,,4927.0,4718.0,generation_agent_1,1014.0,41.0,generation_agent_0,207.0,41.0,4925.0
3811,,,4982.0,4796.0,household_agent_12,1012.0,41.0,generation_agent_0,63.0,41.0,4859.0
3812,,,4983.0,4796.0,generation_agent_1,1014.0,41.0,generation_agent_0,171.0,41.0,4967.0
3813,,,5038.0,4885.0,household_agent_12,1012.0,41.0,generation_agent_0,73.0,41.0,4958.0
3814,,,5039.0,4885.0,generation_agent_1,1014.0,41.0,generation_agent_0,144.0,41.0,5029.0
3815,,,5094.0,4945.0,household_agent_12,1012.0,41.0,generation_agent_0,73.0,41.0,5018.0
3816,,,5095.0,4945.0,generation_agent_1,1014.0,41.0,generation_agent_0,87.0,41.0,5032.0
3817,,,5150.0,5015.0,household_agent_12,1012.0,41.0,generation_agent_0,92.0,41.0,5107.0
3818,,,5151.0,5015.0,generation_agent_1,1014.0,41.0,generation_agent_0,142.0,41.0,5157.0
3819,,,5206.0,5034.0,household_agent_12,1012.0,41.0,generation_agent_0,106.0,41.0,5140.0
3820,,,5207.0,5034.0,generation_agent_1,1014.0,41.0,generation_agent_0,132.0,41.0,5166.0
3821,,,5262.0,5092.0,household_agent_12,1012.0,41.0,generation_agent_0,59.0,41.0,5151.0
3822,,,5263.0,5092.0,generation_agent_1,1014.0,41.0,generation_agent_0,133.0,41.0,5225.0
3823,,,32.0,127.0,household_agent_4,1004.0,41.0,generation_agent_1,56.0,41.0,183.0
3824,,,33.0,127.0,household_agent_5,1005.0,41.0,generation_agent_1,73.0,41.0,200.0
3825,,,34.0,127.0,household_agent_6,1006.0,41.0,generation_agent_1,62.0,41.0,189.0
3826,,,35.0,127.0,generation_agent_0,1013.0,41.0,generation_agent_1,84.0,41.0,211.0
3827,,,36.0,127.0,generation_agent_2,1015.0,41.0,generation_agent_1,122.0,41.0,249.0
3828,,,37.0,127.0,household_agent_8,1008.0,41.0,generation_agent_1,703.0,41.0,830.0
3829,,,88.0,205.0,household_agent_4,1004.0,41.0,generation_agent_1,96.0,41.0,301.0
3830,,,89.0,205.0,household_agent_5,1005.0,41.0,generation_agent_1,80.0,41.0,285.0
3831,,,90.0,205.0,household_agent_6,1006.0,41.0,generation_agent_1,78.0,41.0,283.0
3832,,,91.0,205.0,generation_agent_0,1013.0,41.0,generation_agent_1,140.0,41.0,345.0
3833,,,92.0,205.0,generation_agent_2,1015.0,41.0,generation_agent_1,178.0,41.0,383.0
3834,,,93.0,205.0,household_agent_8,1008.0,41.0,generation_agent_1,727.0,123.0,932.0
3835,,,144.0,253.0,household_agent_4,1004.0,41.0,generation_agent_1,81.0,41.0,334.0
3836,,,145.0,253.0,household_agent_5,1005.0,41.0,generation_agent_1,109.0,41.0,362.0
3837,,,146.0,253.0,household_agent_6,1006.0,41.0,generation_agent_1,152.0,41.0,405.0
3838,,,147.0,253.0,generation_agent_0,1013.0,41.0,generation_agent_1,125.0,41.0,378.0
3839,,,148.0,253.0,generation_agent_2,1015.0,41.0,generation_agent_1,208.0,41.0,461.0
3840,,,200.0,303.0,household_agent_4,1004.0,41.0,generation_agent_1,55.0,41.0,358.0
3841,,,201.0,303.0,household_agent_5,1005.0,41.0,generation_agent_1,86.0,41.0,389.0
3842,,,202.0,303.0,household_agent_6,1006.0,41.0,generation_agent_1,152.0,41.0,455.0
3843,,,203.0,303.0,generation_agent_0,1013.0,41.0,generation_agent_1,121.0,41.0,424.0
3844,,,204.0,303.0,generation_agent_2,1015.0,41.0,generation_agent_1,363.0,41.0,666.0
3845,,,256.0,397.0,household_agent_4,1004.0,41.0,generation_agent_1,47.0,41.0,444.0
3846,,,257.0,397.0,household_agent_5,1005.0,41.0,generation_agent_1,52.0,41.0,449.0
3847,,,258.0,397.0,household_agent_6,1006.0,41.0,generation_agent_1,59.0,41.0,456.0
3848,,,259.0,397.0,generation_agent_0,1013.0,41.0,generation_agent_1,65.0,41.0,462.0
3849,,,260.0,397.0,generation_agent_2,1015.0,41.0,generation_agent_1,275.0,82.0,672.0
3850,,,261.0,397.0,household_agent_8,1008.0,41.0,generation_agent_1,793.0,328.0,1190.0
3851,,,312.0,455.0,household_agent_4,1004.0,41.0,generation_agent_1,69.0,41.0,524.0
3852,,,313.0,455.0,household_agent_5,1005.0,41.0,generation_agent_1,75.0,41.0,530.0
3853,,,314.0,455.0,household_agent_6,1006.0,41.0,generation_agent_1,101.0,41.0,556.0
3854,,,315.0,455.0,generation_agent_0,1013.0,41.0,generation_agent_1,96.0,41.0,551.0
3855,,,368.0,461.0,household_agent_4,1004.0,41.0,generation_agent_1,106.0,41.0,567.0
3856,,,369.0,461.0,household_agent_5,1005.0,41.0,generation_agent_1,101.0,41.0,562.0
3857,,,370.0,461.0,household_agent_6,1006.0,41.0,generation_agent_1,173.0,41.0,634.0
3858,,,371.0,461.0,generation_agent_0,1013.0,41.0,generation_agent_1,145.0,41.0,606.0
3859,,,372.0,461.0,generation_agent_2,1015.0,41.0,generation_agent_1,357.0,41.0,818.0
3860,,,424.0,559.0,household_agent_4,1004.0,41.0,generation_agent_1,67.0,41.0,626.0
3861,,,425.0,559.0,household_agent_5,1005.0,41.0,generation_agent_1,69.0,41.0,628.0
3862,,,426.0,559.0,household_agent_6,1006.0,41.0,generation_agent_1,96.0,41.0,655.0
3863,,,427.0,559.0,generation_agent_0,1013.0,41.0,generation_agent_1,102.0,41.0,661.0
3864,,,428.0,559.0,generation_agent_2,1015.0,41.0,generation_agent_1,349.0,82.0,908.0
3865,,,480.0,571.0,household_agent_4,1004.0,41.0,generation_agent_1,79.0,41.0,650.0
3866,,,481.0,571.0,household_agent_5,1005.0,41.0,generation_agent_1,101.0,41.0,672.0
3867,,,482.0,571.0,household_agent_6,1006.0,41.0,generation_agent_1,168.0,41.0,739.0
3868,,,483.0,571.0,generation_agent_0,1013.0,41.0,generation_agent_1,136.0,41.0,707.0
3869,,,536.0,669.0,household_agent_4,1004.0,41.0,generation_agent_1,87.0,41.0,756.0
3870,,,537.0,669.0,household_agent_5,1005.0,41.0,generation_agent_1,110.0,82.0,779.0
3871,,,538.0,669.0,household_agent_6,1006.0,41.0,generation_agent_1,160.0,82.0,829.0
3872,,,539.0,669.0,generation_agent_0,1013.0,41.0,generation_agent_1,137.0,82.0,806.0
3873,,,540.0,669.0,generation_agent_2,1015.0,41.0,generation_agent_1,241.0,123.0,910.0
3874,,,592.0,670.0,household_agent_4,1004.0,41.0,generation_agent_1,92.0,41.0,762.0
3875,,,648.0,707.0,household_agent_4,1004.0,41.0,generation_agent_1,135.0,41.0,842.0
3876,,,649.0,707.0,household_agent_5,1005.0,41.0,generation_agent_1,93.0,41.0,800.0
3877,,,650.0,707.0,household_agent_6,1006.0,41.0,generation_agent_1,162.0,41.0,869.0
3878,,,651.0,707.0,generation_agent_0,1013.0,41.0,generation_agent_1,190.0,41.0,897.0
3879,,,704.0,753.0,household_agent_4,1004.0,41.0,generation_agent_1,100.0,41.0,853.0
3880,,,705.0,753.0,household_agent_5,1005.0,41.0,generation_agent_1,111.0,41.0,864.0
3881,,,706.0,753.0,household_agent_6,1006.0,41.0,generation_agent_1,178.0,41.0,931.0
3882,,,707.0,753.0,generation_agent_0,1013.0,41.0,generation_agent_1,172.0,41.0,925.0
3883,,,708.0,753.0,generation_agent_2,1015.0,41.0,generation_agent_1,184.0,41.0,937.0
3884,,,709.0,753.0,household_agent_8,1008.0,41.0,generation_agent_1,828.0,82.0,1581.0
3885,,,760.0,843.0,household_agent_4,1004.0,41.0,generation_agent_1,55.0,41.0,898.0
3886,,,761.0,843.0,household_agent_5,1005.0,41.0,generation_agent_1,65.0,41.0,908.0
3887,,,762.0,843.0,household_agent_6,1006.0,41.0,generation_agent_1,100.0,41.0,943.0
3888,,,763.0,843.0,generation_agent_0,1013.0,41.0,generation_agent_1,89.0,41.0,932.0
3889,,,764.0,843.0,generation_agent_2,1015.0,41.0,generation_agent_1,105.0,41.0,948.0
3890,,,816.0,943.0,household_agent_4,1004.0,41.0,generation_agent_1,44.0,41.0,987.0
3891,,,817.0,943.0,household_agent_5,1005.0,41.0,generation_agent_1,55.0,41.0,998.0
3892,,,818.0,943.0,household_agent_6,1006.0,41.0,generation_agent_1,72.0,41.0,1015.0
3893,,,819.0,943.0,generation_agent_0,1013.0,41.0,generation_agent_1,79.0,41.0,1022.0
3894,,,820.0,943.0,generation_agent_2,1015.0,41.0,generation_agent_1,230.0,123.0,1173.0
3895,,,821.0,943.0,household_agent_8,1008.0,41.0,generation_agent_1,747.0,164.0,1690.0
3896,,,872.0,986.0,household_agent_4,1004.0,41.0,generation_agent_1,51.0,41.0,1037.0
3897,,,873.0,986.0,household_agent_5,1005.0,41.0,generation_agent_1,126.0,82.0,1112.0
3898,,,874.0,986.0,household_agent_6,1006.0,41.0,generation_agent_1,137.0,41.0,1123.0
3899,,,875.0,986.0,generation_agent_0,1013.0,41.0,generation_agent_1,154.0,41.0,1140.0
3900,,,928.0,1026.0,household_agent_4,1004.0,41.0,generation_agent_1,81.0,41.0,1107.0
3901,,,930.0,1026.0,household_agent_6,1006.0,41.0,generation_agent_1,215.0,82.0,1241.0
3902,,,931.0,1026.0,generation_agent_0,1013.0,41.0,generation_agent_1,171.0,82.0,1197.0
3903,,,984.0,1044.0,household_agent_4,1004.0,41.0,generation_agent_1,110.0,41.0,1154.0
3904,,,985.0,1044.0,household_agent_5,1005.0,41.0,generation_agent_1,98.0,41.0,1142.0
3905,,,988.0,1044.0,generation_agent_2,1015.0,41.0,generation_agent_1,141.0,41.0,1185.0
3906,,,1040.0,1104.0,household_agent_4,1004.0,41.0,generation_agent_1,50.0,41.0,1154.0
3907,,,1041.0,1104.0,household_agent_5,1005.0,41.0,generation_agent_1,115.0,41.0,1219.0
3908,,,1042.0,1104.0,household_agent_6,1006.0,41.0,generation_agent_1,139.0,41.0,1243.0
3909,,,1043.0,1104.0,generation_agent_0,1013.0,41.0,generation_agent_1,166.0,41.0,1270.0
3910,,,1044.0,1104.0,generation_agent_2,1015.0,41.0,generation_agent_1,374.0,41.0,1478.0
3911,,,1045.0,1104.0,household_agent_8,1008.0,41.0,generation_agent_1,1648.0,328.0,2752.0
3912,,,1096.0,1148.0,household_agent_4,1004.0,41.0,generation_agent_1,67.0,41.0,1215.0
3913,,,1097.0,1148.0,household_agent_5,1005.0,41.0,generation_agent_1,104.0,41.0,1252.0
3914,,,1098.0,1148.0,household_agent_6,1006.0,41.0,generation_agent_1,137.0,41.0,1285.0
3915,,,1099.0,1148.0,generation_agent_0,1013.0,41.0,generation_agent_1,164.0,41.0,1312.0
3916,,,1100.0,1148.0,generation_agent_2,1015.0,41.0,generation_agent_1,373.0,41.0,1521.0
3917,,,1152.0,1205.0,household_agent_4,1004.0,41.0,generation_agent_1,80.0,41.0,1285.0
3918,,,1153.0,1205.0,household_agent_5,1005.0,41.0,generation_agent_1,61.0,41.0,1266.0
3919,,,1154.0,1205.0,household_agent_6,1006.0,41.0,generation_agent_1,85.0,41.0,1290.0
3920,,,1155.0,1205.0,generation_agent_0,1013.0,41.0,generation_agent_1,186.0,82.0,1391.0
3921,,,1156.0,1205.0,generation_agent_2,1015.0,41.0,generation_agent_1,364.0,164.0,1569.0
3922,,,1208.0,1211.0,household_agent_4,1004.0,41.0,generation_agent_1,112.0,41.0,1323.0
3923,,,1209.0,1211.0,household_agent_5,1005.0,41.0,generation_agent_1,106.0,41.0,1317.0
3924,,,1210.0,1211.0,household_agent_6,1006.0,41.0,generation_agent_1,145.0,41.0,1356.0
3925,,,1264.0,1286.0,household_agent_4,1004.0,41.0,generation_agent_1,48.0,41.0,1334.0
3926,,,1265.0,1286.0,household_agent_5,1005.0,41.0,generation_agent_1,54.0,41.0,1340.0
3927,,,1266.0,1286.0,household_agent_6,1006.0,41.0,generation_agent_1,97.0,41.0,1383.0
3928,,,1267.0,1286.0,generation_agent_0,1013.0,41.0,generation_agent_1,175.0,41.0,1461.0
3929,,,1320.0,1357.0,household_agent_4,1004.0,41.0,generation_agent_1,48.0,41.0,1405.0
3930,,,1321.0,1357.0,household_agent_5,1005.0,41.0,generation_agent_1,89.0,41.0,1446.0
3931,,,1322.0,1357.0,household_agent_6,1006.0,41.0,generation_agent_1,80.0,41.0,1437.0
3932,,,1323.0,1357.0,generation_agent_0,1013.0,41.0,generation_agent_1,122.0,41.0,1479.0
3933,,,1376.0,1406.0,household_agent_4,1004.0,41.0,generation_agent_1,50.0,41.0,1456.0
3934,,,1377.0,1406.0,household_agent_5,1005.0,41.0,generation_agent_1,78.0,41.0,1484.0
3935,,,1378.0,1406.0,household_agent_6,1006.0,41.0,generation_agent_1,61.0,41.0,1467.0
3936,,,1379.0,1406.0,generation_agent_0,1013.0,41.0,generation_agent_1,119.0,41.0,1525.0
3937,,,1380.0,1406.0,generation_agent_2,1015.0,41.0,generation_agent_1,259.0,82.0,1665.0
3938,,,1432.0,1470.0,household_agent_4,1004.0,41.0,generation_agent_1,44.0,41.0,1514.0
3939,,,1433.0,1470.0,household_agent_5,1005.0,41.0,generation_agent_1,66.0,41.0,1536.0
3940,,,1434.0,1470.0,household_agent_6,1006.0,41.0,generation_agent_1,77.0,41.0,1547.0
3941,,,1435.0,1470.0,generation_agent_0,1013.0,41.0,generation_agent_1,88.0,41.0,1558.0
3942,,,1488.0,1570.0,household_agent_4,1004.0,41.0,generation_agent_1,50.0,41.0,1620.0
3943,,,1489.0,1570.0,household_agent_5,1005.0,41.0,generation_agent_1,52.0,41.0,1622.0
3944,,,1490.0,1570.0,household_agent_6,1006.0,41.0,generation_agent_1,74.0,41.0,1644.0
3945,,,1491.0,1570.0,generation_agent_0,1013.0,41.0,generation_agent_1,84.0,41.0,1654.0
3946,,,1492.0,1570.0,generation_agent_2,1015.0,41.0,generation_agent_1,107.0,41.0,1677.0
3947,,,1493.0,1570.0,household_agent_8,1008.0,41.0,generation_agent_1,1186.0,41.0,2756.0
3948,,,1544.0,1621.0,household_agent_4,1004.0,41.0,generation_agent_1,45.0,41.0,1666.0
3949,,,1545.0,1621.0,household_agent_5,1005.0,41.0,generation_agent_1,71.0,41.0,1692.0
3950,,,1546.0,1621.0,household_agent_6,1006.0,41.0,generation_agent_1,91.0,41.0,1712.0
3951,,,1547.0,1621.0,generation_agent_0,1013.0,41.0,generation_agent_1,123.0,41.0,1744.0
3952,,,1548.0,1621.0,generation_agent_2,1015.0,41.0,generation_agent_1,172.0,41.0,1793.0
3953,,,1549.0,1621.0,household_agent_8,1008.0,41.0,generation_agent_1,1660.0,41.0,3281.0
3954,,,1600.0,1704.0,household_agent_4,1004.0,41.0,generation_agent_1,151.0,41.0,1855.0
3955,,,1601.0,1704.0,household_agent_5,1005.0,41.0,generation_agent_1,187.0,164.0,1891.0
3956,,,1602.0,1704.0,household_agent_6,1006.0,41.0,generation_agent_1,113.0,41.0,1817.0
3957,,,1603.0,1704.0,generation_agent_0,1013.0,41.0,generation_agent_1,129.0,82.0,1833.0
3958,,,1604.0,1704.0,generation_agent_2,1015.0,41.0,generation_agent_1,779.0,41.0,2483.0
3959,,,1605.0,1704.0,household_agent_8,1008.0,41.0,generation_agent_1,1589.0,536.0,3293.0
3960,,,1656.0,1744.0,household_agent_4,1004.0,41.0,generation_agent_1,123.0,123.0,1867.0
3961,,,1658.0,1744.0,household_agent_6,1006.0,41.0,generation_agent_1,165.0,82.0,1909.0
3962,,,1660.0,1744.0,generation_agent_2,1015.0,41.0,generation_agent_1,746.0,205.0,2490.0
3963,,,1715.0,1747.0,generation_agent_0,1013.0,41.0,generation_agent_1,174.0,82.0,1921.0
3964,,,1770.0,1787.0,household_agent_6,1006.0,41.0,generation_agent_1,174.0,82.0,1961.0
3965,,,1824.0,1789.0,household_agent_4,1004.0,41.0,generation_agent_1,145.0,41.0,1934.0
3966,,,1825.0,1789.0,household_agent_5,1005.0,41.0,generation_agent_1,171.0,41.0,1960.0
3967,,,1827.0,1789.0,generation_agent_0,1013.0,41.0,generation_agent_1,201.0,41.0,1990.0
3968,,,1880.0,1873.0,household_agent_4,1004.0,41.0,generation_agent_1,74.0,41.0,1947.0
3969,,,1881.0,1873.0,household_agent_5,1005.0,41.0,generation_agent_1,95.0,41.0,1968.0
3970,,,1882.0,1873.0,household_agent_6,1006.0,41.0,generation_agent_1,106.0,41.0,1979.0
3971,,,1883.0,1873.0,generation_agent_0,1013.0,41.0,generation_agent_1,164.0,41.0,2037.0
3972,,,1936.0,1881.0,household_agent_4,1004.0,41.0,generation_agent_1,92.0,41.0,1973.0
3973,,,1937.0,1881.0,household_agent_5,1005.0,41.0,generation_agent_1,138.0,41.0,2019.0
3974,,,1938.0,1881.0,household_agent_6,1006.0,41.0,generation_agent_1,197.0,41.0,2078.0
3975,,,1939.0,1881.0,generation_agent_0,1013.0,41.0,generation_agent_1,248.0,41.0,2129.0
3976,,,1940.0,1881.0,generation_agent_2,1015.0,41.0,generation_agent_1,683.0,41.0,2564.0
3977,,,1992.0,1979.0,household_agent_4,1004.0,41.0,generation_agent_1,41.0,41.0,2020.0
3978,,,1993.0,1979.0,household_agent_5,1005.0,41.0,generation_agent_1,135.0,82.0,2114.0
3979,,,1994.0,1979.0,household_agent_6,1006.0,41.0,generation_agent_1,162.0,82.0,2141.0
3980,,,1995.0,1979.0,generation_agent_0,1013.0,41.0,generation_agent_1,178.0,82.0,2157.0
3981,,,1996.0,1979.0,generation_agent_2,1015.0,41.0,generation_agent_1,717.0,451.0,2696.0
3982,,,2048.0,2009.0,household_agent_4,1004.0,41.0,generation_agent_1,82.0,41.0,2091.0
3983,,,2104.0,2030.0,household_agent_4,1004.0,41.0,generation_agent_1,107.0,41.0,2137.0
3984,,,2105.0,2030.0,household_agent_5,1005.0,41.0,generation_agent_1,138.0,41.0,2168.0
3985,,,2106.0,2030.0,household_agent_6,1006.0,41.0,generation_agent_1,188.0,41.0,2218.0
3986,,,2107.0,2030.0,generation_agent_0,1013.0,41.0,generation_agent_1,292.0,41.0,2322.0
3987,,,2160.0,2090.0,household_agent_4,1004.0,41.0,generation_agent_1,47.0,41.0,2137.0
3988,,,2161.0,2090.0,household_agent_5,1005.0,41.0,generation_agent_1,116.0,41.0,2206.0
3989,,,2162.0,2090.0,household_agent_6,1006.0,41.0,generation_agent_1,166.0,41.0,2256.0
3990,,,2163.0,2090.0,generation_agent_0,1013.0,41.0,generation_agent_1,371.0,41.0,2461.0
3991,,,2216.0,2162.0,household_agent_4,1004.0,41.0,generation_agent_1,57.0,41.0,2219.0
3992,,,2217.0,2162.0,household_agent_5,1005.0,41.0,generation_agent_1,95.0,41.0,2257.0
3993,,,2218.0,2162.0,household_agent_6,1006.0,41.0,generation_agent_1,113.0,41.0,2275.0
3994,,,2219.0,2162.0,generation_agent_0,1013.0,41.0,generation_agent_1,360.0,205.0,2522.0
3995,,,2272.0,2167.0,household_agent_4,1004.0,41.0,generation_agent_1,78.0,41.0,2245.0
3996,,,2273.0,2167.0,household_agent_5,1005.0,41.0,generation_agent_1,133.0,41.0,2300.0
3997,,,2274.0,2167.0,household_agent_6,1006.0,41.0,generation_agent_1,238.0,41.0,2405.0
3998,,,2328.0,2239.0,household_agent_4,1004.0,41.0,generation_agent_1,95.0,82.0,2334.0
3999,,,2329.0,2239.0,household_agent_5,1005.0,41.0,generation_agent_1,105.0,82.0,2344.0
4000,,,2330.0,2239.0,household_agent_6,1006.0,41.0,generation_agent_1,166.0,82.0,2405.0
4001,,,2333.0,2239.0,household_agent_8,1008.0,41.0,generation_agent_1,1394.0,448.0,3633.0
4002,,,2440.0,2269.0,household_agent_4,1004.0,41.0,generation_agent_1,102.0,41.0,2371.0
4003,,,2441.0,2269.0,household_agent_5,1005.0,41.0,generation_agent_1,123.0,41.0,2392.0
4004,,,2442.0,2269.0,household_agent_6,1006.0,41.0,generation_agent_1,185.0,41.0,2454.0
4005,,,2496.0,2336.0,household_agent_4,1004.0,41.0,generation_agent_1,85.0,41.0,2421.0
4006,,,2497.0,2336.0,household_agent_5,1005.0,41.0,generation_agent_1,104.0,41.0,2440.0
4007,,,2498.0,2336.0,household_agent_6,1006.0,41.0,generation_agent_1,224.0,82.0,2560.0
4008,,,2499.0,2336.0,generation_agent_0,1013.0,41.0,generation_agent_1,220.0,123.0,2556.0
4009,,,2552.0,2368.0,household_agent_4,1004.0,41.0,generation_agent_1,115.0,41.0,2483.0
4010,,,2553.0,2368.0,household_agent_5,1005.0,41.0,generation_agent_1,147.0,41.0,2515.0
4011,,,2608.0,2417.0,household_agent_4,1004.0,41.0,generation_agent_1,67.0,41.0,2484.0
4012,,,2609.0,2417.0,household_agent_5,1005.0,41.0,generation_agent_1,126.0,41.0,2543.0
4013,,,2610.0,2417.0,household_agent_6,1006.0,41.0,generation_agent_1,175.0,41.0,2592.0
4014,,,2612.0,2417.0,generation_agent_2,1015.0,41.0,generation_agent_1,324.0,82.0,2741.0
4015,,,2664.0,2489.0,household_agent_4,1004.0,41.0,generation_agent_1,49.0,41.0,2538.0
4016,,,2665.0,2489.0,household_agent_5,1005.0,41.0,generation_agent_1,84.0,41.0,2573.0
4017,,,2666.0,2489.0,household_agent_6,1006.0,41.0,generation_agent_1,151.0,41.0,2640.0
4018,,,2667.0,2489.0,generation_agent_0,1013.0,41.0,generation_agent_1,123.0,41.0,2612.0
4019,,,2720.0,2569.0,household_agent_4,1004.0,41.0,generation_agent_1,53.0,41.0,2622.0
4020,,,2721.0,2569.0,household_agent_5,1005.0,41.0,generation_agent_1,59.0,41.0,2628.0
4021,,,2722.0,2569.0,household_agent_6,1006.0,41.0,generation_agent_1,86.0,41.0,2655.0
4022,,,2723.0,2569.0,generation_agent_0,1013.0,41.0,generation_agent_1,114.0,41.0,2683.0
4023,,,2724.0,2569.0,generation_agent_2,1015.0,41.0,generation_agent_1,374.0,123.0,2943.0
4024,,,2776.0,2640.0,household_agent_4,1004.0,41.0,generation_agent_1,61.0,41.0,2701.0
4025,,,2777.0,2640.0,household_agent_5,1005.0,41.0,generation_agent_1,68.0,41.0,2708.0
4026,,,2778.0,2640.0,household_agent_6,1006.0,41.0,generation_agent_1,182.0,82.0,2822.0
4027,,,2779.0,2640.0,generation_agent_0,1013.0,41.0,generation_agent_1,115.0,82.0,2755.0
4028,,,2832.0,2652.0,household_agent_4,1004.0,41.0,generation_agent_1,104.0,41.0,2756.0
4029,,,2833.0,2652.0,household_agent_5,1005.0,41.0,generation_agent_1,148.0,41.0,2800.0
4030,,,2888.0,2699.0,household_agent_4,1004.0,41.0,generation_agent_1,90.0,41.0,2789.0
4031,,,2889.0,2699.0,household_agent_5,1005.0,41.0,generation_agent_1,107.0,41.0,2806.0
4032,,,2890.0,2699.0,household_agent_6,1006.0,41.0,generation_agent_1,162.0,41.0,2861.0
4033,,,2891.0,2699.0,generation_agent_0,1013.0,41.0,generation_agent_1,172.0,41.0,2871.0
4034,,,2892.0,2699.0,generation_agent_2,1015.0,41.0,generation_agent_1,377.0,41.0,3076.0
4035,,,2944.0,2799.0,household_agent_4,1004.0,41.0,generation_agent_1,45.0,41.0,2844.0
4036,,,2945.0,2799.0,household_agent_5,1005.0,41.0,generation_agent_1,133.0,41.0,2932.0
4037,,,2946.0,2799.0,household_agent_6,1006.0,41.0,generation_agent_1,167.0,82.0,2966.0
4038,,,2947.0,2799.0,generation_agent_0,1013.0,41.0,generation_agent_1,194.0,82.0,2993.0
4039,,,2948.0,2799.0,generation_agent_2,1015.0,41.0,generation_agent_1,289.0,41.0,3088.0
4040,,,2949.0,2799.0,household_agent_8,1008.0,41.0,generation_agent_1,835.0,41.0,3634.0
4041,,,3000.0,2839.0,household_agent_4,1004.0,41.0,generation_agent_1,116.0,41.0,2955.0
4042,,,3001.0,2839.0,household_agent_5,1005.0,41.0,generation_agent_1,93.0,41.0,2932.0
4043,,,3004.0,2839.0,generation_agent_2,1015.0,41.0,generation_agent_1,320.0,82.0,3159.0
4044,,,3005.0,2839.0,household_agent_8,1008.0,41.0,generation_agent_1,1200.0,82.0,4039.0
4045,,,3056.0,2873.0,household_agent_4,1004.0,41.0,generation_agent_1,109.0,41.0,2982.0
4046,,,3057.0,2873.0,household_agent_5,1005.0,41.0,generation_agent_1,98.0,41.0,2971.0
4047,,,3058.0,2873.0,household_agent_6,1006.0,41.0,generation_agent_1,115.0,41.0,2988.0
4048,,,3059.0,2873.0,generation_agent_0,1013.0,41.0,generation_agent_1,182.0,41.0,3055.0
4049,,,3112.0,2968.0,household_agent_4,1004.0,41.0,generation_agent_1,42.0,41.0,3010.0
4050,,,3113.0,2968.0,household_agent_5,1005.0,41.0,generation_agent_1,53.0,41.0,3021.0
4051,,,3114.0,2968.0,household_agent_6,1006.0,41.0,generation_agent_1,115.0,41.0,3083.0
4052,,,3115.0,2968.0,generation_agent_0,1013.0,41.0,generation_agent_1,110.0,41.0,3078.0
4053,,,3116.0,2968.0,generation_agent_2,1015.0,41.0,generation_agent_1,295.0,123.0,3263.0
4054,,,3117.0,2968.0,household_agent_8,1008.0,41.0,generation_agent_1,1072.0,287.0,4040.0
4055,,,3168.0,3002.0,household_agent_4,1004.0,41.0,generation_agent_1,98.0,41.0,3100.0
4056,,,3169.0,3002.0,household_agent_5,1005.0,41.0,generation_agent_1,98.0,41.0,3100.0
4057,,,3170.0,3002.0,household_agent_6,1006.0,41.0,generation_agent_1,152.0,41.0,3154.0
4058,,,3171.0,3002.0,generation_agent_0,1013.0,41.0,generation_agent_1,119.0,41.0,3121.0
4059,,,3224.0,3045.0,household_agent_4,1004.0,41.0,generation_agent_1,92.0,41.0,3137.0
4060,,,3225.0,3045.0,household_agent_5,1005.0,41.0,generation_agent_1,98.0,41.0,3143.0
4061,,,3226.0,3045.0,household_agent_6,1006.0,41.0,generation_agent_1,109.0,41.0,3154.0
4062,,,3227.0,3045.0,generation_agent_0,1013.0,41.0,generation_agent_1,114.0,41.0,3159.0
4063,,,3280.0,3096.0,household_agent_4,1004.0,41.0,generation_agent_1,47.0,41.0,3143.0
4064,,,3281.0,3096.0,household_agent_5,1005.0,41.0,generation_agent_1,53.0,41.0,3149.0
4065,,,3282.0,3096.0,household_agent_6,1006.0,41.0,generation_agent_1,130.0,41.0,3226.0
4066,,,3283.0,3096.0,generation_agent_0,1013.0,41.0,generation_agent_1,163.0,41.0,3259.0
4067,,,3284.0,3096.0,generation_agent_2,1015.0,41.0,generation_agent_1,193.0,41.0,3289.0
4068,,,3336.0,3161.0,household_agent_4,1004.0,41.0,generation_agent_1,42.0,41.0,3203.0
4069,,,3337.0,3161.0,household_agent_5,1005.0,41.0,generation_agent_1,92.0,41.0,3253.0
4070,,,3338.0,3161.0,household_agent_6,1006.0,41.0,generation_agent_1,109.0,41.0,3270.0
4071,,,3339.0,3161.0,generation_agent_0,1013.0,41.0,generation_agent_1,131.0,41.0,3292.0
4072,,,3340.0,3161.0,generation_agent_2,1015.0,41.0,generation_agent_1,175.0,82.0,3336.0
4073,,,3392.0,3188.0,household_agent_4,1004.0,41.0,generation_agent_1,60.0,41.0,3248.0
4074,,,3393.0,3188.0,household_agent_5,1005.0,41.0,generation_agent_1,94.0,41.0,3282.0
4075,,,3394.0,3188.0,household_agent_6,1006.0,41.0,generation_agent_1,160.0,41.0,3348.0
4076,,,3395.0,3188.0,generation_agent_0,1013.0,41.0,generation_agent_1,142.0,41.0,3330.0
4077,,,3448.0,3275.0,household_agent_4,1004.0,41.0,generation_agent_1,40.0,41.0,3315.0
4078,,,3449.0,3275.0,household_agent_5,1005.0,41.0,generation_agent_1,54.0,41.0,3329.0
4079,,,3450.0,3275.0,household_agent_6,1006.0,41.0,generation_agent_1,73.0,41.0,3348.0
4080,,,3451.0,3275.0,generation_agent_0,1013.0,41.0,generation_agent_1,109.0,41.0,3384.0
4081,,,3452.0,3275.0,generation_agent_2,1015.0,41.0,generation_agent_1,312.0,41.0,3587.0
4082,,,3504.0,3345.0,household_agent_4,1004.0,41.0,generation_agent_1,81.0,41.0,3426.0
4083,,,3505.0,3345.0,household_agent_5,1005.0,41.0,generation_agent_1,64.0,41.0,3409.0
4084,,,3506.0,3345.0,household_agent_6,1006.0,41.0,generation_agent_1,71.0,41.0,3416.0
4085,,,3507.0,3345.0,generation_agent_0,1013.0,41.0,generation_agent_1,119.0,41.0,3464.0
4086,,,3508.0,3345.0,generation_agent_2,1015.0,41.0,generation_agent_1,279.0,41.0,3624.0
4087,,,3509.0,3345.0,household_agent_8,1008.0,41.0,generation_agent_1,696.0,164.0,4041.0
4088,,,3560.0,3353.0,household_agent_4,1004.0,41.0,generation_agent_1,101.0,41.0,3454.0
4089,,,3561.0,3353.0,household_agent_5,1005.0,41.0,generation_agent_1,84.0,41.0,3437.0
4090,,,3562.0,3353.0,household_agent_6,1006.0,41.0,generation_agent_1,133.0,41.0,3486.0
4091,,,3563.0,3353.0,generation_agent_0,1013.0,41.0,generation_agent_1,171.0,41.0,3524.0
4092,,,3564.0,3353.0,generation_agent_2,1015.0,41.0,generation_agent_1,351.0,41.0,3704.0
4093,,,3616.0,3433.0,household_agent_4,1004.0,41.0,generation_agent_1,48.0,41.0,3481.0
4094,,,3617.0,3433.0,household_agent_5,1005.0,41.0,generation_agent_1,75.0,41.0,3508.0
4095,,,3618.0,3433.0,household_agent_6,1006.0,41.0,generation_agent_1,66.0,41.0,3499.0
4096,,,3619.0,3433.0,generation_agent_0,1013.0,41.0,generation_agent_1,97.0,41.0,3530.0
4097,,,3620.0,3433.0,generation_agent_2,1015.0,41.0,generation_agent_1,277.0,82.0,3710.0
4098,,,3672.0,3526.0,household_agent_4,1004.0,41.0,generation_agent_1,42.0,41.0,3568.0
4099,,,3673.0,3526.0,household_agent_5,1005.0,41.0,generation_agent_1,54.0,41.0,3580.0
4100,,,3674.0,3526.0,household_agent_6,1006.0,41.0,generation_agent_1,76.0,41.0,3602.0
4101,,,3675.0,3526.0,generation_agent_0,1013.0,41.0,generation_agent_1,82.0,41.0,3608.0
4102,,,3728.0,3617.0,household_agent_4,1004.0,41.0,generation_agent_1,50.0,41.0,3667.0
4103,,,3729.0,3617.0,household_agent_5,1005.0,41.0,generation_agent_1,54.0,41.0,3671.0
4104,,,3730.0,3617.0,household_agent_6,1006.0,41.0,generation_agent_1,60.0,41.0,3677.0
4105,,,3731.0,3617.0,generation_agent_0,1013.0,41.0,generation_agent_1,87.0,41.0,3704.0
4106,,,3732.0,3617.0,generation_agent_2,1015.0,41.0,generation_agent_1,186.0,41.0,3803.0
4107,,,3733.0,3617.0,household_agent_8,1008.0,41.0,generation_agent_1,585.0,41.0,4202.0
4108,,,3784.0,3676.0,household_agent_4,1004.0,41.0,generation_agent_1,72.0,41.0,3748.0
4109,,,3785.0,3676.0,household_agent_5,1005.0,41.0,generation_agent_1,50.0,41.0,3726.0
4110,,,3786.0,3676.0,household_agent_6,1006.0,41.0,generation_agent_1,94.0,41.0,3770.0
4111,,,3787.0,3676.0,generation_agent_0,1013.0,41.0,generation_agent_1,201.0,41.0,3877.0
4112,,,3788.0,3676.0,generation_agent_2,1015.0,41.0,generation_agent_1,242.0,41.0,3918.0
4113,,,3789.0,3676.0,household_agent_8,1008.0,41.0,generation_agent_1,1340.0,205.0,5016.0
4114,,,3840.0,3709.0,household_agent_4,1004.0,41.0,generation_agent_1,95.0,41.0,3804.0
4115,,,3841.0,3709.0,household_agent_5,1005.0,41.0,generation_agent_1,121.0,41.0,3830.0
4116,,,3842.0,3709.0,household_agent_6,1006.0,41.0,generation_agent_1,117.0,41.0,3826.0
4117,,,3843.0,3709.0,generation_agent_0,1013.0,41.0,generation_agent_1,171.0,41.0,3880.0
4118,,,3844.0,3709.0,generation_agent_2,1015.0,41.0,generation_agent_1,258.0,41.0,3967.0
4119,,,3896.0,3765.0,household_agent_4,1004.0,41.0,generation_agent_1,76.0,41.0,3841.0
4120,,,3897.0,3765.0,household_agent_5,1005.0,41.0,generation_agent_1,93.0,41.0,3858.0
4121,,,3898.0,3765.0,household_agent_6,1006.0,41.0,generation_agent_1,61.0,41.0,3826.0
4122,,,3899.0,3765.0,generation_agent_0,1013.0,41.0,generation_agent_1,153.0,41.0,3918.0
4123,,,3900.0,3765.0,generation_agent_2,1015.0,41.0,generation_agent_1,208.0,41.0,3973.0
4124,,,3952.0,3849.0,household_agent_4,1004.0,41.0,generation_agent_1,43.0,41.0,3892.0
4125,,,3953.0,3849.0,household_agent_5,1005.0,41.0,generation_agent_1,48.0,41.0,3897.0
4126,,,3954.0,3849.0,household_agent_6,1006.0,41.0,generation_agent_1,85.0,41.0,3934.0
4127,,,3955.0,3849.0,generation_agent_0,1013.0,41.0,generation_agent_1,96.0,41.0,3945.0
4128,,,3956.0,3849.0,generation_agent_2,1015.0,41.0,generation_agent_1,173.0,41.0,4022.0
4129,,,4008.0,3945.0,household_agent_4,1004.0,41.0,generation_agent_1,50.0,41.0,3995.0
4130,,,4009.0,3945.0,household_agent_5,1005.0,41.0,generation_agent_1,66.0,41.0,4011.0
4131,,,4010.0,3945.0,household_agent_6,1006.0,41.0,generation_agent_1,66.0,41.0,4011.0
4132,,,4011.0,3945.0,generation_agent_0,1013.0,41.0,generation_agent_1,72.0,41.0,4017.0
4133,,,4012.0,3945.0,generation_agent_2,1015.0,41.0,generation_agent_1,88.0,41.0,4033.0
4134,,,4064.0,4033.0,household_agent_4,1004.0,41.0,generation_agent_1,51.0,41.0,4084.0
4135,,,4065.0,4033.0,household_agent_5,1005.0,41.0,generation_agent_1,73.0,41.0,4106.0
4136,,,4066.0,4033.0,household_agent_6,1006.0,41.0,generation_agent_1,73.0,41.0,4106.0
4137,,,4067.0,4033.0,generation_agent_0,1013.0,41.0,generation_agent_1,84.0,41.0,4117.0
4138,,,4068.0,4033.0,generation_agent_2,1015.0,41.0,generation_agent_1,100.0,41.0,4133.0
4139,,,4069.0,4033.0,household_agent_8,1008.0,41.0,generation_agent_1,990.0,41.0,5023.0
4140,,,4120.0,4118.0,household_agent_4,1004.0,41.0,generation_agent_1,37.0,41.0,4155.0
4141,,,4121.0,4118.0,household_agent_5,1005.0,41.0,generation_agent_1,46.0,41.0,4164.0
4142,,,4122.0,4118.0,household_agent_6,1006.0,41.0,generation_agent_1,58.0,41.0,4176.0
4143,,,4123.0,4118.0,generation_agent_0,1013.0,41.0,generation_agent_1,115.0,41.0,4233.0
4144,,,4124.0,4118.0,generation_agent_2,1015.0,41.0,generation_agent_1,77.0,41.0,4195.0
4145,,,4125.0,4118.0,household_agent_8,1008.0,41.0,generation_agent_1,1043.0,41.0,5161.0
4146,,,4176.0,4153.0,household_agent_4,1004.0,41.0,generation_agent_1,91.0,41.0,4244.0
4147,,,4177.0,4153.0,household_agent_5,1005.0,41.0,generation_agent_1,114.0,41.0,4267.0
4148,,,4178.0,4153.0,household_agent_6,1006.0,41.0,generation_agent_1,76.0,41.0,4229.0
4149,,,4179.0,4153.0,generation_agent_0,1013.0,41.0,generation_agent_1,80.0,41.0,4233.0
4150,,,4180.0,4153.0,generation_agent_2,1015.0,41.0,generation_agent_1,250.0,41.0,4403.0
4151,,,4181.0,4153.0,household_agent_8,1008.0,41.0,generation_agent_1,1008.0,41.0,5161.0
4152,,,4232.0,4175.0,household_agent_4,1004.0,41.0,generation_agent_1,118.0,41.0,4293.0
4153,,,4233.0,4175.0,household_agent_5,1005.0,41.0,generation_agent_1,151.0,41.0,4326.0
4154,,,4234.0,4175.0,household_agent_6,1006.0,41.0,generation_agent_1,162.0,41.0,4337.0
4155,,,4235.0,4175.0,generation_agent_0,1013.0,41.0,generation_agent_1,135.0,41.0,4310.0
4156,,,4236.0,4175.0,generation_agent_2,1015.0,41.0,generation_agent_1,317.0,41.0,4492.0
4157,,,4237.0,4175.0,household_agent_8,1008.0,41.0,generation_agent_1,1054.0,533.0,5229.0
4158,,,4288.0,4245.0,household_agent_4,1004.0,41.0,generation_agent_1,110.0,82.0,4355.0
4159,,,4289.0,4245.0,household_agent_5,1005.0,41.0,generation_agent_1,120.0,82.0,4365.0
4160,,,4290.0,4245.0,household_agent_6,1006.0,41.0,generation_agent_1,150.0,41.0,4395.0
4161,,,4291.0,4245.0,generation_agent_0,1013.0,41.0,generation_agent_1,226.0,123.0,4471.0
4162,,,4292.0,4245.0,generation_agent_2,1015.0,41.0,generation_agent_1,325.0,205.0,4570.0
4163,,,4346.0,4262.0,household_agent_6,1006.0,41.0,generation_agent_1,189.0,82.0,4451.0
4164,,,4400.0,4279.0,household_agent_4,1004.0,41.0,generation_agent_1,130.0,41.0,4409.0
4165,,,4401.0,4279.0,household_agent_5,1005.0,41.0,generation_agent_1,153.0,41.0,4432.0
4166,,,4456.0,4333.0,household_agent_4,1004.0,41.0,generation_agent_1,82.0,41.0,4415.0
4167,,,4457.0,4333.0,household_agent_5,1005.0,41.0,generation_agent_1,101.0,41.0,4434.0
4168,,,4458.0,4333.0,household_agent_6,1006.0,41.0,generation_agent_1,193.0,82.0,4526.0
4169,,,4459.0,4333.0,generation_agent_0,1013.0,41.0,generation_agent_1,204.0,82.0,4537.0
4170,,,4512.0,4366.0,household_agent_4,1004.0,41.0,generation_agent_1,91.0,41.0,4457.0
4171,,,4513.0,4366.0,household_agent_5,1005.0,41.0,generation_agent_1,126.0,41.0,4492.0
4172,,,4568.0,4416.0,household_agent_4,1004.0,41.0,generation_agent_1,65.0,41.0,4481.0
4173,,,4569.0,4416.0,household_agent_5,1005.0,41.0,generation_agent_1,76.0,41.0,4492.0
4174,,,4570.0,4416.0,household_agent_6,1006.0,41.0,generation_agent_1,144.0,41.0,4560.0
4175,,,4571.0,4416.0,generation_agent_0,1013.0,41.0,generation_agent_1,148.0,41.0,4564.0
4176,,,4572.0,4416.0,generation_agent_2,1015.0,41.0,generation_agent_1,214.0,82.0,4630.0
4177,,,4624.0,4488.0,household_agent_4,1004.0,41.0,generation_agent_1,87.0,41.0,4575.0
4178,,,4625.0,4488.0,household_agent_5,1005.0,41.0,generation_agent_1,83.0,41.0,4571.0
4179,,,4626.0,4488.0,household_agent_6,1006.0,41.0,generation_agent_1,98.0,41.0,4586.0
4180,,,4627.0,4488.0,generation_agent_0,1013.0,41.0,generation_agent_1,104.0,41.0,4592.0
4181,,,4680.0,4494.0,household_agent_4,1004.0,41.0,generation_agent_1,109.0,41.0,4603.0
4182,,,4681.0,4494.0,household_agent_5,1005.0,41.0,generation_agent_1,98.0,41.0,4592.0
4183,,,4682.0,4494.0,household_agent_6,1006.0,41.0,generation_agent_1,225.0,41.0,4719.0
4184,,,4683.0,4494.0,generation_agent_0,1013.0,41.0,generation_agent_1,153.0,41.0,4647.0
4185,,,4684.0,4494.0,generation_agent_2,1015.0,41.0,generation_agent_1,216.0,41.0,4710.0
4186,,,4736.0,4591.0,household_agent_4,1004.0,41.0,generation_agent_1,50.0,41.0,4641.0
4187,,,4737.0,4591.0,household_agent_5,1005.0,41.0,generation_agent_1,34.0,41.0,4625.0
4188,,,4738.0,4591.0,household_agent_6,1006.0,41.0,generation_agent_1,154.0,41.0,4745.0
4189,,,4739.0,4591.0,generation_agent_0,1013.0,41.0,generation_agent_1,85.0,41.0,4676.0
4190,,,4740.0,4591.0,generation_agent_2,1015.0,41.0,generation_agent_1,353.0,41.0,4944.0
4191,,,4792.0,4647.0,household_agent_4,1004.0,41.0,generation_agent_1,39.0,41.0,4686.0
4192,,,4793.0,4647.0,household_agent_5,1005.0,41.0,generation_agent_1,50.0,41.0,4697.0
4193,,,4794.0,4647.0,household_agent_6,1006.0,41.0,generation_agent_1,144.0,41.0,4791.0
4194,,,4795.0,4647.0,generation_agent_0,1013.0,41.0,generation_agent_1,182.0,82.0,4829.0
4195,,,4796.0,4647.0,generation_agent_2,1015.0,41.0,generation_agent_1,363.0,41.0,5010.0
4196,,,4848.0,4714.0,household_agent_4,1004.0,41.0,generation_agent_1,60.0,41.0,4774.0
4197,,,4849.0,4714.0,household_agent_5,1005.0,41.0,generation_agent_1,87.0,41.0,4801.0
4198,,,4850.0,4714.0,household_agent_6,1006.0,41.0,generation_agent_1,104.0,41.0,4818.0
4199,,,4852.0,4714.0,generation_agent_2,1015.0,41.0,generation_agent_1,302.0,41.0,5016.0
4200,,,4904.0,4718.0,household_agent_4,1004.0,41.0,generation_agent_1,102.0,41.0,4820.0
4201,,,4905.0,4718.0,household_agent_5,1005.0,41.0,generation_agent_1,133.0,41.0,4851.0
4202,,,4906.0,4718.0,household_agent_6,1006.0,41.0,generation_agent_1,149.0,41.0,4867.0
4203,,,4907.0,4718.0,generation_agent_0,1013.0,41.0,generation_agent_1,194.0,41.0,4912.0
4204,,,4908.0,4718.0,generation_agent_2,1015.0,41.0,generation_agent_1,419.0,82.0,5137.0
4205,,,4960.0,4796.0,household_agent_4,1004.0,41.0,generation_agent_1,50.0,41.0,4846.0
4206,,,4961.0,4796.0,household_agent_5,1005.0,41.0,generation_agent_1,82.0,41.0,4878.0
4207,,,4962.0,4796.0,household_agent_6,1006.0,41.0,generation_agent_1,93.0,41.0,4889.0
4208,,,4963.0,4796.0,generation_agent_0,1013.0,41.0,generation_agent_1,117.0,41.0,4913.0
4209,,,4965.0,4796.0,household_agent_8,1008.0,41.0,generation_agent_1,459.0,205.0,5255.0
4210,,,5016.0,4885.0,household_agent_4,1004.0,41.0,generation_agent_1,42.0,41.0,4927.0
4211,,,5017.0,4885.0,household_agent_5,1005.0,41.0,generation_agent_1,70.0,41.0,4955.0
4212,,,5018.0,4885.0,household_agent_6,1006.0,41.0,generation_agent_1,59.0,41.0,4944.0
4213,,,5019.0,4885.0,generation_agent_0,1013.0,41.0,generation_agent_1,94.0,41.0,4979.0
4214,,,5020.0,4885.0,generation_agent_2,1015.0,41.0,generation_agent_1,258.0,82.0,5143.0
4215,,,5072.0,4945.0,household_agent_4,1004.0,41.0,generation_agent_1,48.0,41.0,4993.0
4216,,,5073.0,4945.0,household_agent_5,1005.0,41.0,generation_agent_1,55.0,41.0,5000.0
4217,,,5074.0,4945.0,household_agent_6,1006.0,41.0,generation_agent_1,142.0,41.0,5087.0
4218,,,5075.0,4945.0,generation_agent_0,1013.0,41.0,generation_agent_1,67.0,41.0,5012.0
4219,,,5128.0,5015.0,household_agent_4,1004.0,41.0,generation_agent_1,78.0,41.0,5093.0
4220,,,5129.0,5015.0,household_agent_5,1005.0,41.0,generation_agent_1,71.0,41.0,5086.0
4221,,,5130.0,5015.0,household_agent_6,1006.0,41.0,generation_agent_1,122.0,41.0,5137.0
4222,,,5131.0,5015.0,generation_agent_0,1013.0,41.0,generation_agent_1,111.0,41.0,5126.0
4223,,,5132.0,5015.0,generation_agent_2,1015.0,41.0,generation_agent_1,195.0,41.0,5210.0
4224,,,5184.0,5034.0,household_agent_4,1004.0,41.0,generation_agent_1,103.0,41.0,5137.0
4225,,,5185.0,5034.0,household_agent_5,1005.0,41.0,generation_agent_1,81.0,41.0,5115.0
4226,,,5186.0,5034.0,household_agent_6,1006.0,41.0,generation_agent_1,155.0,41.0,5189.0
4227,,,5187.0,5034.0,generation_agent_0,1013.0,41.0,generation_agent_1,165.0,41.0,5199.0
4228,,,5188.0,5034.0,generation_agent_2,1015.0,41.0,generation_agent_1,182.0,41.0,5216.0
4229,,,5240.0,5092.0,household_agent_4,1004.0,41.0,generation_agent_1,80.0,41.0,5172.0
4230,,,5241.0,5092.0,household_agent_5,1005.0,41.0,generation_agent_1,91.0,41.0,5183.0
4231,,,5242.0,5092.0,household_agent_6,1006.0,41.0,generation_agent_1,124.0,41.0,5216.0
4232,,,5243.0,5092.0,generation_agent_0,1013.0,41.0,generation_agent_1,135.0,41.0,5227.0
4233,,,5244.0,5092.0,generation_agent_2,1015.0,41.0,generation_agent_1,152.0,41.0,5244.0
4234,,,5245.0,5092.0,household_agent_8,1008.0,41.0,generation_agent_1,191.0,41.0,5283.0
4235,,,56.0,127.0,generation_agent_1,1014.0,41.0,generation_agent_2,64.0,41.0,191.0
4236,,,57.0,127.0,generation_agent_3,1016.0,41.0,generation_agent_2,69.0,41.0,196.0
4237,,,112.0,205.0,generation_agent_1,1014.0,41.0,generation_agent_2,187.0,82.0,392.0
4238,,,113.0,205.0,generation_agent_3,1016.0,41.0,generation_agent_2,71.0,41.0,276.0
4239,,,169.0,253.0,generation_agent_3,1016.0,41.0,generation_agent_2,67.0,41.0,320.0
4240,,,224.0,303.0,generation_agent_1,1014.0,41.0,generation_agent_2,201.0,41.0,504.0
4241,,,225.0,303.0,generation_agent_3,1016.0,41.0,generation_agent_2,62.0,41.0,365.0
4242,,,280.0,397.0,generation_agent_1,1014.0,41.0,generation_agent_2,285.0,82.0,682.0
4243,,,281.0,397.0,generation_agent_3,1016.0,41.0,generation_agent_2,55.0,41.0,452.0
4244,,,337.0,455.0,generation_agent_3,1016.0,41.0,generation_agent_2,77.0,41.0,532.0
4245,,,392.0,461.0,generation_agent_1,1014.0,41.0,generation_agent_2,367.0,41.0,828.0
4246,,,393.0,461.0,generation_agent_3,1016.0,41.0,generation_agent_2,97.0,41.0,558.0
4247,,,448.0,559.0,generation_agent_1,1014.0,41.0,generation_agent_2,276.0,41.0,835.0
4248,,,449.0,559.0,generation_agent_3,1016.0,41.0,generation_agent_2,62.0,41.0,621.0
4249,,,504.0,571.0,generation_agent_1,1014.0,41.0,generation_agent_2,275.0,164.0,846.0
4250,,,505.0,571.0,generation_agent_3,1016.0,41.0,generation_agent_2,74.0,41.0,645.0
4251,,,561.0,669.0,generation_agent_3,1016.0,41.0,generation_agent_2,90.0,82.0,759.0
4252,,,673.0,707.0,generation_agent_3,1016.0,41.0,generation_agent_2,81.0,41.0,788.0
4253,,,728.0,753.0,generation_agent_1,1014.0,41.0,generation_agent_2,180.0,41.0,933.0
4254,,,729.0,753.0,generation_agent_3,1016.0,41.0,generation_agent_2,58.0,41.0,811.0
4255,,,784.0,843.0,generation_agent_1,1014.0,41.0,generation_agent_2,97.0,41.0,940.0
4256,,,785.0,843.0,generation_agent_3,1016.0,41.0,generation_agent_2,56.0,41.0,899.0
4257,,,840.0,943.0,generation_agent_1,1014.0,41.0,generation_agent_2,162.0,41.0,1105.0
4258,,,841.0,943.0,generation_agent_3,1016.0,41.0,generation_agent_2,61.0,41.0,1004.0
4259,,,896.0,986.0,generation_agent_1,1014.0,41.0,generation_agent_2,207.0,123.0,1193.0
4260,,,897.0,986.0,generation_agent_3,1016.0,41.0,generation_agent_2,58.0,41.0,1044.0
4261,,,953.0,1026.0,generation_agent_3,1016.0,41.0,generation_agent_2,84.0,41.0,1110.0
4262,,,1009.0,1044.0,generation_agent_3,1016.0,41.0,generation_agent_2,97.0,41.0,1141.0
4263,,,1064.0,1104.0,generation_agent_1,1014.0,41.0,generation_agent_2,95.0,41.0,1199.0
4264,,,1065.0,1104.0,generation_agent_3,1016.0,41.0,generation_agent_2,48.0,41.0,1152.0
4265,,,1120.0,1148.0,generation_agent_1,1014.0,41.0,generation_agent_2,347.0,41.0,1495.0
4266,,,1121.0,1148.0,generation_agent_3,1016.0,41.0,generation_agent_2,57.0,41.0,1205.0
4267,,,1176.0,1205.0,generation_agent_1,1014.0,41.0,generation_agent_2,327.0,205.0,1532.0
4268,,,1177.0,1205.0,generation_agent_3,1016.0,41.0,generation_agent_2,60.0,41.0,1265.0
4269,,,1233.0,1211.0,generation_agent_3,1016.0,41.0,generation_agent_2,83.0,41.0,1294.0
4270,,,1289.0,1286.0,generation_agent_3,1016.0,41.0,generation_agent_2,53.0,41.0,1339.0
4271,,,1345.0,1357.0,generation_agent_3,1016.0,41.0,generation_agent_2,57.0,41.0,1414.0
4272,,,1401.0,1406.0,generation_agent_3,1016.0,41.0,generation_agent_2,56.0,41.0,1462.0
4273,,,1456.0,1470.0,generation_agent_1,1014.0,41.0,generation_agent_2,129.0,41.0,1599.0
4274,,,1457.0,1470.0,generation_agent_3,1016.0,41.0,generation_agent_2,73.0,41.0,1543.0
4275,,,1512.0,1570.0,generation_agent_1,1014.0,41.0,generation_agent_2,128.0,41.0,1698.0
4276,,,1513.0,1570.0,generation_agent_3,1016.0,41.0,generation_agent_2,68.0,41.0,1638.0
4277,,,1568.0,1621.0,generation_agent_1,1014.0,41.0,generation_agent_2,149.0,41.0,1770.0
4278,,,1569.0,1621.0,generation_agent_3,1016.0,41.0,generation_agent_2,58.0,41.0,1679.0
4279,,,1624.0,1704.0,generation_agent_1,1014.0,41.0,generation_agent_2,799.0,205.0,2503.0
4280,,,1625.0,1704.0,generation_agent_3,1016.0,41.0,generation_agent_2,89.0,41.0,1793.0
4281,,,1681.0,1744.0,generation_agent_3,1016.0,41.0,generation_agent_2,79.0,41.0,1823.0
4282,,,1737.0,1747.0,generation_agent_3,1016.0,41.0,generation_agent_2,110.0,82.0,1857.0
4283,,,1849.0,1789.0,generation_agent_3,1016.0,41.0,generation_agent_2,99.0,41.0,1888.0
4284,,,1904.0,1873.0,generation_agent_1,1014.0,41.0,generation_agent_2,713.0,205.0,2586.0
4285,,,1905.0,1873.0,generation_agent_3,1016.0,41.0,generation_agent_2,53.0,41.0,1926.0
4286,,,1961.0,1881.0,generation_agent_3,1016.0,41.0,generation_agent_2,87.0,41.0,1968.0
4287,,,2017.0,1979.0,generation_agent_3,1016.0,41.0,generation_agent_2,94.0,41.0,2073.0
4288,,,2073.0,2009.0,generation_agent_3,1016.0,41.0,generation_agent_2,72.0,41.0,2081.0
4289,,,2129.0,2030.0,generation_agent_3,1016.0,41.0,generation_agent_2,79.0,41.0,2109.0
4290,,,2184.0,2090.0,generation_agent_1,1014.0,41.0,generation_agent_2,497.0,369.0,2587.0
4291,,,2185.0,2090.0,generation_agent_3,1016.0,41.0,generation_agent_2,54.0,41.0,2144.0
4292,,,2241.0,2162.0,generation_agent_3,1016.0,41.0,generation_agent_2,58.0,41.0,2220.0
4293,,,2297.0,2167.0,generation_agent_3,1016.0,41.0,generation_agent_2,78.0,41.0,2245.0
4294,,,2353.0,2239.0,generation_agent_3,1016.0,41.0,generation_agent_2,86.0,82.0,2325.0
4295,,,2465.0,2269.0,generation_agent_3,1016.0,41.0,generation_agent_2,94.0,41.0,2363.0
4296,,,2521.0,2336.0,generation_agent_3,1016.0,41.0,generation_agent_2,82.0,41.0,2418.0
4297,,,2577.0,2368.0,generation_agent_3,1016.0,41.0,generation_agent_2,79.0,41.0,2447.0
4298,,,2633.0,2417.0,generation_agent_3,1016.0,41.0,generation_agent_2,57.0,41.0,2474.0
4299,,,2688.0,2489.0,generation_agent_1,1014.0,41.0,generation_agent_2,228.0,41.0,2717.0
4300,,,2689.0,2489.0,generation_agent_3,1016.0,41.0,generation_agent_2,74.0,41.0,2563.0
4301,,,2744.0,2569.0,generation_agent_1,1014.0,41.0,generation_agent_2,199.0,41.0,2768.0
4302,,,2745.0,2569.0,generation_agent_3,1016.0,41.0,generation_agent_2,54.0,41.0,2623.0
4303,,,2800.0,2640.0,generation_agent_1,1014.0,41.0,generation_agent_2,134.0,41.0,2774.0
4304,,,2801.0,2640.0,generation_agent_3,1016.0,41.0,generation_agent_2,80.0,41.0,2720.0
4305,,,2856.0,2652.0,generation_agent_1,1014.0,41.0,generation_agent_2,311.0,82.0,2963.0
4306,,,2857.0,2652.0,generation_agent_3,1016.0,41.0,generation_agent_2,124.0,41.0,2776.0
4307,,,2913.0,2699.0,generation_agent_3,1016.0,41.0,generation_agent_2,90.0,41.0,2789.0
4308,,,2968.0,2799.0,generation_agent_1,1014.0,41.0,generation_agent_2,164.0,41.0,2963.0
4309,,,2969.0,2799.0,generation_agent_3,1016.0,41.0,generation_agent_2,58.0,41.0,2857.0
4310,,,3024.0,2839.0,generation_agent_1,1014.0,41.0,generation_agent_2,269.0,82.0,3108.0
4311,,,3025.0,2839.0,generation_agent_3,1016.0,41.0,generation_agent_2,81.0,41.0,2920.0
4312,,,3081.0,2873.0,generation_agent_3,1016.0,41.0,generation_agent_2,73.0,41.0,2946.0
4313,,,3136.0,2968.0,generation_agent_1,1014.0,41.0,generation_agent_2,180.0,41.0,3148.0
4314,,,3137.0,2968.0,generation_agent_3,1016.0,41.0,generation_agent_2,92.0,41.0,3060.0
4315,,,3192.0,3002.0,generation_agent_1,1014.0,41.0,generation_agent_2,187.0,82.0,3189.0
4316,,,3193.0,3002.0,generation_agent_3,1016.0,41.0,generation_agent_2,90.0,41.0,3092.0
4317,,,3249.0,3045.0,generation_agent_3,1016.0,41.0,generation_agent_2,48.0,41.0,3093.0
4318,,,3304.0,3096.0,generation_agent_1,1014.0,41.0,generation_agent_2,185.0,41.0,3281.0
4319,,,3305.0,3096.0,generation_agent_3,1016.0,41.0,generation_agent_2,61.0,41.0,3157.0
4320,,,3360.0,3161.0,generation_agent_1,1014.0,41.0,generation_agent_2,130.0,41.0,3291.0
4321,,,3361.0,3161.0,generation_agent_3,1016.0,41.0,generation_agent_2,76.0,41.0,3237.0
4322,,,3416.0,3188.0,generation_agent_1,1014.0,41.0,generation_agent_2,162.0,41.0,3350.0
4323,,,3417.0,3188.0,generation_agent_3,1016.0,41.0,generation_agent_2,75.0,41.0,3263.0
4324,,,3472.0,3275.0,generation_agent_1,1014.0,41.0,generation_agent_2,152.0,41.0,3427.0
4325,,,3473.0,3275.0,generation_agent_3,1016.0,41.0,generation_agent_2,69.0,41.0,3344.0
4326,,,3528.0,3345.0,generation_agent_1,1014.0,41.0,generation_agent_2,300.0,82.0,3645.0
4327,,,3529.0,3345.0,generation_agent_3,1016.0,41.0,generation_agent_2,63.0,41.0,3408.0
4328,,,3585.0,3353.0,generation_agent_3,1016.0,41.0,generation_agent_2,85.0,41.0,3438.0
4329,,,3640.0,3433.0,generation_agent_1,1014.0,41.0,generation_agent_2,228.0,82.0,3661.0
4330,,,3641.0,3433.0,generation_agent_3,1016.0,41.0,generation_agent_2,59.0,41.0,3492.0
4331,,,3697.0,3526.0,generation_agent_3,1016.0,41.0,generation_agent_2,60.0,41.0,3586.0
4332,,,3752.0,3617.0,generation_agent_1,1014.0,41.0,generation_agent_2,108.0,41.0,3725.0
4333,,,3753.0,3617.0,generation_agent_3,1016.0,41.0,generation_agent_2,68.0,41.0,3685.0
4334,,,3808.0,3676.0,generation_agent_1,1014.0,41.0,generation_agent_2,143.0,41.0,3819.0
4335,,,3809.0,3676.0,generation_agent_3,1016.0,41.0,generation_agent_2,60.0,41.0,3736.0
4336,,,3864.0,3709.0,generation_agent_1,1014.0,41.0,generation_agent_2,223.0,41.0,3932.0
4337,,,3865.0,3709.0,generation_agent_3,1016.0,41.0,generation_agent_2,68.0,41.0,3777.0
4338,,,3920.0,3765.0,generation_agent_1,1014.0,41.0,generation_agent_2,209.0,41.0,3974.0
4339,,,3921.0,3765.0,generation_agent_3,1016.0,41.0,generation_agent_2,59.0,41.0,3824.0
4340,,,3976.0,3849.0,generation_agent_1,1014.0,41.0,generation_agent_2,149.0,41.0,3998.0
4341,,,3977.0,3849.0,generation_agent_3,1016.0,41.0,generation_agent_2,59.0,41.0,3908.0
4342,,,4032.0,3945.0,generation_agent_1,1014.0,41.0,generation_agent_2,117.0,41.0,4062.0
4343,,,4033.0,3945.0,generation_agent_3,1016.0,41.0,generation_agent_2,68.0,41.0,4013.0
4344,,,4088.0,4033.0,generation_agent_1,1014.0,41.0,generation_agent_2,73.0,41.0,4106.0
4345,,,4089.0,4033.0,generation_agent_3,1016.0,41.0,generation_agent_2,78.0,41.0,4111.0
4346,,,4144.0,4118.0,generation_agent_1,1014.0,41.0,generation_agent_2,106.0,41.0,4224.0
4347,,,4145.0,4118.0,generation_agent_3,1016.0,41.0,generation_agent_2,89.0,41.0,4207.0
4348,,,4200.0,4153.0,generation_agent_1,1014.0,41.0,generation_agent_2,72.0,41.0,4225.0
4349,,,4201.0,4153.0,generation_agent_3,1016.0,41.0,generation_agent_2,77.0,41.0,4230.0
4350,,,4256.0,4175.0,generation_agent_1,1014.0,41.0,generation_agent_2,250.0,41.0,4425.0
4351,,,4257.0,4175.0,generation_agent_3,1016.0,41.0,generation_agent_2,85.0,41.0,4260.0
4352,,,4312.0,4245.0,generation_agent_1,1014.0,41.0,generation_agent_2,254.0,41.0,4499.0
4353,,,4313.0,4245.0,generation_agent_3,1016.0,41.0,generation_agent_2,92.0,82.0,4337.0
4354,,,4368.0,4262.0,generation_agent_1,1014.0,41.0,generation_agent_2,306.0,164.0,4568.0
4355,,,4425.0,4279.0,generation_agent_3,1016.0,41.0,generation_agent_2,92.0,41.0,4371.0
4356,,,4481.0,4333.0,generation_agent_3,1016.0,41.0,generation_agent_2,79.0,41.0,4412.0
4357,,,4537.0,4366.0,generation_agent_3,1016.0,41.0,generation_agent_2,92.0,41.0,4458.0
4358,,,4592.0,4416.0,generation_agent_1,1014.0,41.0,generation_agent_2,217.0,41.0,4633.0
4359,,,4593.0,4416.0,generation_agent_3,1016.0,41.0,generation_agent_2,77.0,41.0,4493.0
4360,,,4648.0,4488.0,generation_agent_1,1014.0,41.0,generation_agent_2,235.0,82.0,4723.0
4361,,,4649.0,4488.0,generation_agent_3,1016.0,41.0,generation_agent_2,68.0,41.0,4556.0
4362,,,4705.0,4494.0,generation_agent_3,1016.0,41.0,generation_agent_2,96.0,41.0,4590.0
4363,,,4760.0,4591.0,generation_agent_1,1014.0,41.0,generation_agent_2,148.0,41.0,4739.0
4364,,,4761.0,4591.0,generation_agent_3,1016.0,41.0,generation_agent_2,64.0,41.0,4655.0
4365,,,4816.0,4647.0,generation_agent_1,1014.0,41.0,generation_agent_2,323.0,41.0,4970.0
4366,,,4817.0,4647.0,generation_agent_3,1016.0,41.0,generation_agent_2,59.0,41.0,4706.0
4367,,,4872.0,4714.0,generation_agent_1,1014.0,41.0,generation_agent_2,316.0,82.0,5030.0
4368,,,4873.0,4714.0,generation_agent_3,1016.0,41.0,generation_agent_2,58.0,41.0,4772.0
4369,,,4929.0,4718.0,generation_agent_3,1016.0,41.0,generation_agent_2,93.0,41.0,4811.0
4370,,,4984.0,4796.0,generation_agent_1,1014.0,41.0,generation_agent_2,248.0,82.0,5044.0
4371,,,4985.0,4796.0,generation_agent_3,1016.0,41.0,generation_agent_2,51.0,41.0,4847.0
4372,,,5041.0,4885.0,generation_agent_3,1016.0,41.0,generation_agent_2,60.0,41.0,4945.0
4373,,,5096.0,4945.0,generation_agent_1,1014.0,41.0,generation_agent_2,213.0,41.0,5158.0
4374,,,5097.0,4945.0,generation_agent_3,1016.0,41.0,generation_agent_2,63.0,41.0,5008.0
4375,,,5152.0,5015.0,generation_agent_1,1014.0,41.0,generation_agent_2,160.0,82.0,5175.0
4376,,,5153.0,5015.0,generation_agent_3,1016.0,41.0,generation_agent_2,72.0,41.0,5087.0
4377,,,5209.0,5034.0,generation_agent_3,1016.0,41.0,generation_agent_2,82.0,41.0,5116.0
4378,,,5264.0,5092.0,generation_agent_1,1014.0,41.0,generation_agent_2,144.0,41.0,5236.0
4379,,,5265.0,5092.0,generation_agent_3,1016.0,41.0,generation_agent_2,52.0,41.0,5144.0
4380,,,49.0,127.0,generation_agent_2,1015.0,41.0,generation_agent_3,62.0,41.0,189.0
4381,,,50.0,127.0,household_agent_0,1000.0,41.0,generation_agent_3,78.0,41.0,205.0
4382,,,51.0,127.0,household_agent_5,1005.0,41.0,generation_agent_3,101.0,41.0,228.0
4383,,,105.0,205.0,generation_agent_2,1015.0,41.0,generation_agent_3,45.0,41.0,250.0
4384,,,106.0,205.0,household_agent_0,1000.0,41.0,generation_agent_3,55.0,41.0,260.0
4385,,,107.0,205.0,household_agent_5,1005.0,41.0,generation_agent_3,161.0,41.0,366.0
4386,,,161.0,253.0,generation_agent_2,1015.0,41.0,generation_agent_3,41.0,41.0,294.0
4387,,,162.0,253.0,household_agent_0,1000.0,41.0,generation_agent_3,68.0,41.0,321.0
4388,,,163.0,253.0,household_agent_5,1005.0,41.0,generation_agent_3,148.0,41.0,401.0
4389,,,217.0,303.0,generation_agent_2,1015.0,41.0,generation_agent_3,52.0,41.0,355.0
4390,,,218.0,303.0,household_agent_0,1000.0,41.0,generation_agent_3,58.0,41.0,361.0
4391,,,219.0,303.0,household_agent_5,1005.0,41.0,generation_agent_3,151.0,41.0,454.0
4392,,,273.0,397.0,generation_agent_2,1015.0,41.0,generation_agent_3,53.0,41.0,450.0
4393,,,274.0,397.0,household_agent_0,1000.0,41.0,generation_agent_3,129.0,41.0,526.0
4394,,,275.0,397.0,household_agent_5,1005.0,41.0,generation_agent_3,163.0,82.0,560.0
4395,,,329.0,455.0,generation_agent_2,1015.0,41.0,generation_agent_3,58.0,41.0,513.0
4396,,,330.0,455.0,household_agent_0,1000.0,41.0,generation_agent_3,77.0,41.0,532.0
4397,,,385.0,461.0,generation_agent_2,1015.0,41.0,generation_agent_3,88.0,41.0,549.0
4398,,,386.0,461.0,household_agent_0,1000.0,41.0,generation_agent_3,128.0,41.0,589.0
4399,,,387.0,461.0,household_agent_5,1005.0,41.0,generation_agent_3,192.0,41.0,653.0
4400,,,441.0,559.0,generation_agent_2,1015.0,41.0,generation_agent_3,51.0,41.0,610.0
4401,,,442.0,559.0,household_agent_0,1000.0,41.0,generation_agent_3,83.0,41.0,642.0
4402,,,443.0,559.0,household_agent_5,1005.0,41.0,generation_agent_3,146.0,41.0,705.0
4403,,,497.0,571.0,generation_agent_2,1015.0,41.0,generation_agent_3,65.0,41.0,636.0
4404,,,498.0,571.0,household_agent_0,1000.0,41.0,generation_agent_3,99.0,41.0,670.0
4405,,,499.0,571.0,household_agent_5,1005.0,41.0,generation_agent_3,253.0,41.0,824.0
4406,,,553.0,669.0,generation_agent_2,1015.0,41.0,generation_agent_3,63.0,41.0,732.0
4407,,,554.0,669.0,household_agent_0,1000.0,41.0,generation_agent_3,136.0,82.0,805.0
4408,,,555.0,669.0,household_agent_5,1005.0,41.0,generation_agent_3,191.0,82.0,860.0
4409,,,609.0,670.0,generation_agent_2,1015.0,41.0,generation_agent_3,82.0,41.0,752.0
4410,,,665.0,707.0,generation_agent_2,1015.0,41.0,generation_agent_3,77.0,41.0,784.0
4411,,,666.0,707.0,household_agent_0,1000.0,41.0,generation_agent_3,114.0,41.0,821.0
4412,,,667.0,707.0,household_agent_5,1005.0,41.0,generation_agent_3,228.0,82.0,935.0
4413,,,721.0,753.0,generation_agent_2,1015.0,41.0,generation_agent_3,47.0,41.0,800.0
4414,,,722.0,753.0,household_agent_0,1000.0,41.0,generation_agent_3,106.0,41.0,859.0
4415,,,777.0,843.0,generation_agent_2,1015.0,41.0,generation_agent_3,43.0,41.0,886.0
4416,,,778.0,843.0,household_agent_0,1000.0,41.0,generation_agent_3,75.0,41.0,918.0
4417,,,779.0,843.0,household_agent_5,1005.0,41.0,generation_agent_3,92.0,41.0,935.0
4418,,,833.0,943.0,generation_agent_2,1015.0,41.0,generation_agent_3,57.0,41.0,1000.0
4419,,,834.0,943.0,household_agent_0,1000.0,41.0,generation_agent_3,107.0,41.0,1050.0
4420,,,835.0,943.0,household_agent_5,1005.0,41.0,generation_agent_3,183.0,123.0,1126.0
4421,,,889.0,986.0,generation_agent_2,1015.0,41.0,generation_agent_3,51.0,41.0,1037.0
4422,,,890.0,986.0,household_agent_0,1000.0,41.0,generation_agent_3,107.0,41.0,1093.0
4423,,,945.0,1026.0,generation_agent_2,1015.0,41.0,generation_agent_3,58.0,41.0,1084.0
4424,,,946.0,1026.0,household_agent_0,1000.0,41.0,generation_agent_3,77.0,41.0,1103.0
4425,,,1001.0,1044.0,generation_agent_2,1015.0,41.0,generation_agent_3,86.0,41.0,1130.0
4426,,,1002.0,1044.0,household_agent_0,1000.0,41.0,generation_agent_3,111.0,41.0,1155.0
4427,,,1003.0,1044.0,household_agent_5,1005.0,41.0,generation_agent_3,231.0,41.0,1275.0
4428,,,1057.0,1104.0,generation_agent_2,1015.0,41.0,generation_agent_3,44.0,41.0,1148.0
4429,,,1058.0,1104.0,household_agent_0,1000.0,41.0,generation_agent_3,62.0,41.0,1166.0
4430,,,1059.0,1104.0,household_agent_5,1005.0,41.0,generation_agent_3,249.0,82.0,1353.0
4431,,,1113.0,1148.0,generation_agent_2,1015.0,41.0,generation_agent_3,46.0,41.0,1194.0
4432,,,1114.0,1148.0,household_agent_0,1000.0,41.0,generation_agent_3,121.0,41.0,1269.0
4433,,,1169.0,1205.0,generation_agent_2,1015.0,41.0,generation_agent_3,51.0,41.0,1256.0
4434,,,1170.0,1205.0,household_agent_0,1000.0,41.0,generation_agent_3,69.0,41.0,1274.0
4435,,,1171.0,1205.0,household_agent_5,1005.0,41.0,generation_agent_3,187.0,82.0,1392.0
4436,,,1225.0,1211.0,generation_agent_2,1015.0,41.0,generation_agent_3,79.0,41.0,1290.0
4437,,,1226.0,1211.0,household_agent_0,1000.0,41.0,generation_agent_3,101.0,41.0,1312.0
4438,,,1281.0,1286.0,generation_agent_2,1015.0,41.0,generation_agent_3,46.0,41.0,1332.0
4439,,,1282.0,1286.0,household_agent_0,1000.0,41.0,generation_agent_3,56.0,41.0,1342.0
4440,,,1283.0,1286.0,household_agent_5,1005.0,41.0,generation_agent_3,183.0,41.0,1469.0
4441,,,1337.0,1357.0,generation_agent_2,1015.0,41.0,generation_agent_3,54.0,41.0,1411.0
4442,,,1338.0,1357.0,household_agent_0,1000.0,41.0,generation_agent_3,107.0,41.0,1464.0
4443,,,1339.0,1357.0,household_agent_5,1005.0,41.0,generation_agent_3,151.0,41.0,1508.0
4444,,,1393.0,1406.0,generation_agent_2,1015.0,41.0,generation_agent_3,47.0,41.0,1453.0
4445,,,1394.0,1406.0,household_agent_0,1000.0,41.0,generation_agent_3,96.0,41.0,1502.0
4446,,,1395.0,1406.0,household_agent_5,1005.0,41.0,generation_agent_3,152.0,41.0,1558.0
4447,,,1449.0,1470.0,generation_agent_2,1015.0,41.0,generation_agent_3,57.0,41.0,1527.0
4448,,,1450.0,1470.0,household_agent_0,1000.0,41.0,generation_agent_3,63.0,41.0,1533.0
4449,,,1451.0,1470.0,household_agent_5,1005.0,41.0,generation_agent_3,140.0,41.0,1610.0
4450,,,1505.0,1570.0,generation_agent_2,1015.0,41.0,generation_agent_3,54.0,41.0,1624.0
4451,,,1506.0,1570.0,household_agent_0,1000.0,41.0,generation_agent_3,106.0,41.0,1676.0
4452,,,1507.0,1570.0,household_agent_5,1005.0,41.0,generation_agent_3,142.0,41.0,1712.0
4453,,,1561.0,1621.0,generation_agent_2,1015.0,41.0,generation_agent_3,48.0,41.0,1669.0
4454,,,1562.0,1621.0,household_agent_0,1000.0,41.0,generation_agent_3,86.0,41.0,1707.0
4455,,,1563.0,1621.0,household_agent_5,1005.0,41.0,generation_agent_3,128.0,41.0,1749.0
4456,,,1617.0,1704.0,generation_agent_2,1015.0,41.0,generation_agent_3,58.0,41.0,1762.0
4457,,,1618.0,1704.0,household_agent_0,1000.0,41.0,generation_agent_3,157.0,41.0,1861.0
4458,,,1619.0,1704.0,household_agent_5,1005.0,41.0,generation_agent_3,271.0,41.0,1975.0
4459,,,1673.0,1744.0,generation_agent_2,1015.0,41.0,generation_agent_3,68.0,41.0,1812.0
4460,,,1674.0,1744.0,household_agent_0,1000.0,41.0,generation_agent_3,146.0,123.0,1890.0
4461,,,1675.0,1744.0,household_agent_5,1005.0,41.0,generation_agent_3,237.0,41.0,1981.0
4462,,,1729.0,1747.0,generation_agent_2,1015.0,41.0,generation_agent_3,96.0,82.0,1843.0
4463,,,1731.0,1747.0,household_agent_5,1005.0,41.0,generation_agent_3,234.0,41.0,1981.0
4464,,,1787.0,1787.0,household_agent_5,1005.0,41.0,generation_agent_3,418.0,164.0,2205.0
4465,,,1841.0,1789.0,generation_agent_2,1015.0,41.0,generation_agent_3,84.0,41.0,1873.0
4466,,,1842.0,1789.0,household_agent_0,1000.0,41.0,generation_agent_3,170.0,41.0,1959.0
4467,,,1897.0,1873.0,generation_agent_2,1015.0,41.0,generation_agent_3,45.0,41.0,1918.0
4468,,,1898.0,1873.0,household_agent_0,1000.0,41.0,generation_agent_3,88.0,41.0,1961.0
4469,,,1953.0,1881.0,generation_agent_2,1015.0,41.0,generation_agent_3,70.0,41.0,1951.0
4470,,,1954.0,1881.0,household_agent_0,1000.0,41.0,generation_agent_3,156.0,41.0,2037.0
4471,,,2009.0,1979.0,generation_agent_2,1015.0,41.0,generation_agent_3,72.0,41.0,2051.0
4472,,,2010.0,1979.0,household_agent_0,1000.0,41.0,generation_agent_3,114.0,41.0,2093.0
4473,,,2011.0,1979.0,household_agent_5,1005.0,41.0,generation_agent_3,297.0,123.0,2276.0
4474,,,2065.0,2009.0,generation_agent_2,1015.0,41.0,generation_agent_3,65.0,41.0,2074.0
4475,,,2066.0,2009.0,household_agent_0,1000.0,41.0,generation_agent_3,95.0,41.0,2104.0
4476,,,2121.0,2030.0,generation_agent_2,1015.0,41.0,generation_agent_3,68.0,41.0,2098.0
4477,,,2122.0,2030.0,household_agent_0,1000.0,41.0,generation_agent_3,134.0,41.0,2164.0
4478,,,2177.0,2090.0,generation_agent_2,1015.0,41.0,generation_agent_3,44.0,41.0,2134.0
4479,,,2178.0,2090.0,household_agent_0,1000.0,41.0,generation_agent_3,84.0,41.0,2174.0
4480,,,2179.0,2090.0,household_agent_5,1005.0,41.0,generation_agent_3,306.0,123.0,2396.0
4481,,,2233.0,2162.0,generation_agent_2,1015.0,41.0,generation_agent_3,58.0,41.0,2220.0
4482,,,2234.0,2162.0,household_agent_0,1000.0,41.0,generation_agent_3,74.0,41.0,2236.0
4483,,,2289.0,2167.0,generation_agent_2,1015.0,41.0,generation_agent_3,80.0,41.0,2247.0
4484,,,2290.0,2167.0,household_agent_0,1000.0,41.0,generation_agent_3,155.0,41.0,2322.0
4485,,,2345.0,2239.0,generation_agent_2,1015.0,41.0,generation_agent_3,77.0,82.0,2316.0
4486,,,2346.0,2239.0,household_agent_0,1000.0,41.0,generation_agent_3,123.0,82.0,2362.0
4487,,,2347.0,2239.0,household_agent_5,1005.0,41.0,generation_agent_3,290.0,123.0,2529.0
4488,,,2457.0,2269.0,generation_agent_2,1015.0,41.0,generation_agent_3,75.0,41.0,2344.0
4489,,,2458.0,2269.0,household_agent_0,1000.0,41.0,generation_agent_3,143.0,41.0,2412.0
4490,,,2513.0,2336.0,generation_agent_2,1015.0,41.0,generation_agent_3,48.0,41.0,2384.0
4491,,,2514.0,2336.0,household_agent_0,1000.0,41.0,generation_agent_3,96.0,41.0,2432.0
4492,,,2515.0,2336.0,household_agent_5,1005.0,41.0,generation_agent_3,252.0,123.0,2588.0
4493,,,2569.0,2368.0,generation_agent_2,1015.0,41.0,generation_agent_3,53.0,41.0,2421.0
4494,,,2570.0,2368.0,household_agent_0,1000.0,41.0,generation_agent_3,106.0,41.0,2474.0
4495,,,2625.0,2417.0,generation_agent_2,1015.0,41.0,generation_agent_3,45.0,41.0,2462.0
4496,,,2626.0,2417.0,household_agent_0,1000.0,41.0,generation_agent_3,57.0,41.0,2474.0
4497,,,2681.0,2489.0,generation_agent_2,1015.0,41.0,generation_agent_3,50.0,41.0,2539.0
4498,,,2682.0,2489.0,household_agent_0,1000.0,41.0,generation_agent_3,75.0,41.0,2564.0
4499,,,2683.0,2489.0,household_agent_5,1005.0,41.0,generation_agent_3,155.0,41.0,2644.0
4500,,,2737.0,2569.0,generation_agent_2,1015.0,41.0,generation_agent_3,45.0,41.0,2614.0
4501,,,2738.0,2569.0,household_agent_0,1000.0,41.0,generation_agent_3,70.0,41.0,2639.0
4502,,,2739.0,2569.0,household_agent_5,1005.0,41.0,generation_agent_3,86.0,41.0,2655.0
4503,,,2793.0,2640.0,generation_agent_2,1015.0,41.0,generation_agent_3,57.0,41.0,2697.0
4504,,,2794.0,2640.0,household_agent_0,1000.0,41.0,generation_agent_3,69.0,41.0,2709.0
4505,,,2795.0,2640.0,household_agent_5,1005.0,41.0,generation_agent_3,176.0,41.0,2816.0
4506,,,2849.0,2652.0,generation_agent_2,1015.0,41.0,generation_agent_3,88.0,41.0,2740.0
4507,,,2850.0,2652.0,household_agent_0,1000.0,41.0,generation_agent_3,105.0,41.0,2757.0
4508,,,2851.0,2652.0,household_agent_5,1005.0,41.0,generation_agent_3,286.0,82.0,2938.0
4509,,,2905.0,2699.0,generation_agent_2,1015.0,41.0,generation_agent_3,52.0,41.0,2751.0
4510,,,2906.0,2699.0,household_agent_0,1000.0,41.0,generation_agent_3,74.0,41.0,2773.0
4511,,,2961.0,2799.0,generation_agent_2,1015.0,41.0,generation_agent_3,45.0,41.0,2844.0
4512,,,2962.0,2799.0,household_agent_0,1000.0,41.0,generation_agent_3,56.0,41.0,2855.0
4513,,,2963.0,2799.0,household_agent_5,1005.0,41.0,generation_agent_3,150.0,82.0,2949.0
4514,,,3017.0,2839.0,generation_agent_2,1015.0,41.0,generation_agent_3,43.0,41.0,2882.0
4515,,,3018.0,2839.0,household_agent_0,1000.0,41.0,generation_agent_3,99.0,41.0,2938.0
4516,,,3073.0,2873.0,generation_agent_2,1015.0,41.0,generation_agent_3,52.0,41.0,2925.0
4517,,,3074.0,2873.0,household_agent_0,1000.0,41.0,generation_agent_3,95.0,41.0,2968.0
4518,,,3075.0,2873.0,household_agent_5,1005.0,41.0,generation_agent_3,135.0,41.0,3008.0
4519,,,3129.0,2968.0,generation_agent_2,1015.0,41.0,generation_agent_3,52.0,41.0,3020.0
4520,,,3130.0,2968.0,household_agent_0,1000.0,41.0,generation_agent_3,115.0,41.0,3083.0
4521,,,3131.0,2968.0,household_agent_5,1005.0,41.0,generation_agent_3,160.0,41.0,3128.0
4522,,,3185.0,3002.0,generation_agent_2,1015.0,41.0,generation_agent_3,58.0,41.0,3060.0
4523,,,3186.0,3002.0,household_agent_0,1000.0,41.0,generation_agent_3,116.0,41.0,3118.0
4524,,,3187.0,3002.0,household_agent_5,1005.0,41.0,generation_agent_3,160.0,41.0,3162.0
4525,,,3241.0,3045.0,generation_agent_2,1015.0,41.0,generation_agent_3,56.0,41.0,3101.0
4526,,,3242.0,3045.0,household_agent_0,1000.0,41.0,generation_agent_3,113.0,41.0,3158.0
4527,,,3243.0,3045.0,household_agent_5,1005.0,41.0,generation_agent_3,176.0,41.0,3221.0
4528,,,3297.0,3096.0,generation_agent_2,1015.0,41.0,generation_agent_3,51.0,41.0,3147.0
4529,,,3298.0,3096.0,household_agent_0,1000.0,41.0,generation_agent_3,87.0,41.0,3183.0
4530,,,3299.0,3096.0,household_agent_5,1005.0,41.0,generation_agent_3,170.0,41.0,3266.0
4531,,,3353.0,3161.0,generation_agent_2,1015.0,41.0,generation_agent_3,64.0,41.0,3225.0
4532,,,3354.0,3161.0,household_agent_0,1000.0,41.0,generation_agent_3,87.0,41.0,3248.0
4533,,,3355.0,3161.0,household_agent_5,1005.0,41.0,generation_agent_3,145.0,41.0,3306.0
4534,,,3409.0,3188.0,generation_agent_2,1015.0,41.0,generation_agent_3,72.0,41.0,3260.0
4535,,,3410.0,3188.0,household_agent_0,1000.0,41.0,generation_agent_3,99.0,41.0,3287.0
4536,,,3411.0,3188.0,household_agent_5,1005.0,41.0,generation_agent_3,163.0,41.0,3351.0
4537,,,3465.0,3275.0,generation_agent_2,1015.0,41.0,generation_agent_3,54.0,41.0,3329.0
4538,,,3466.0,3275.0,household_agent_0,1000.0,41.0,generation_agent_3,65.0,41.0,3340.0
4539,,,3467.0,3275.0,household_agent_5,1005.0,41.0,generation_agent_3,77.0,41.0,3352.0
4540,,,3521.0,3345.0,generation_agent_2,1015.0,41.0,generation_agent_3,68.0,41.0,3413.0
4541,,,3522.0,3345.0,household_agent_0,1000.0,41.0,generation_agent_3,83.0,41.0,3428.0
4542,,,3523.0,3345.0,household_agent_5,1005.0,41.0,generation_agent_3,132.0,41.0,3477.0
4543,,,3577.0,3353.0,generation_agent_2,1015.0,41.0,generation_agent_3,97.0,41.0,3450.0
4544,,,3578.0,3353.0,household_agent_0,1000.0,41.0,generation_agent_3,108.0,41.0,3461.0
4545,,,3579.0,3353.0,household_agent_5,1005.0,41.0,generation_agent_3,173.0,41.0,3526.0
4546,,,3633.0,3433.0,generation_agent_2,1015.0,41.0,generation_agent_3,39.0,41.0,3472.0
4547,,,3634.0,3433.0,household_agent_0,1000.0,41.0,generation_agent_3,55.0,41.0,3488.0
4548,,,3635.0,3433.0,household_agent_5,1005.0,41.0,generation_agent_3,93.0,41.0,3526.0
4549,,,3689.0,3526.0,generation_agent_2,1015.0,41.0,generation_agent_3,64.0,41.0,3590.0
4550,,,3690.0,3526.0,household_agent_0,1000.0,41.0,generation_agent_3,80.0,41.0,3606.0
4551,,,3691.0,3526.0,household_agent_5,1005.0,41.0,generation_agent_3,68.0,41.0,3594.0
4552,,,3745.0,3617.0,generation_agent_2,1015.0,41.0,generation_agent_3,64.0,41.0,3681.0
4553,,,3746.0,3617.0,household_agent_0,1000.0,41.0,generation_agent_3,88.0,41.0,3705.0
4554,,,3747.0,3617.0,household_agent_5,1005.0,41.0,generation_agent_3,216.0,41.0,3833.0
4555,,,3801.0,3676.0,generation_agent_2,1015.0,41.0,generation_agent_3,52.0,41.0,3728.0
4556,,,3802.0,3676.0,household_agent_0,1000.0,41.0,generation_agent_3,97.0,41.0,3773.0
4557,,,3803.0,3676.0,household_agent_5,1005.0,41.0,generation_agent_3,180.0,82.0,3856.0
4558,,,3857.0,3709.0,generation_agent_2,1015.0,41.0,generation_agent_3,58.0,41.0,3767.0
4559,,,3858.0,3709.0,household_agent_0,1000.0,41.0,generation_agent_3,113.0,41.0,3822.0
4560,,,3913.0,3765.0,generation_agent_2,1015.0,41.0,generation_agent_3,56.0,41.0,3821.0
4561,,,3914.0,3765.0,household_agent_0,1000.0,41.0,generation_agent_3,63.0,41.0,3828.0
4562,,,3915.0,3765.0,household_agent_5,1005.0,41.0,generation_agent_3,151.0,41.0,3916.0
4563,,,3969.0,3849.0,generation_agent_2,1015.0,41.0,generation_agent_3,46.0,41.0,3895.0
4564,,,3970.0,3849.0,household_agent_0,1000.0,41.0,generation_agent_3,56.0,41.0,3905.0
4565,,,3971.0,3849.0,household_agent_5,1005.0,41.0,generation_agent_3,90.0,41.0,3939.0
4566,,,4025.0,3945.0,generation_agent_2,1015.0,41.0,generation_agent_3,65.0,41.0,4010.0
4567,,,4026.0,3945.0,household_agent_0,1000.0,41.0,generation_agent_3,76.0,41.0,4021.0
4568,,,4027.0,3945.0,household_agent_5,1005.0,41.0,generation_agent_3,87.0,41.0,4032.0
4569,,,4081.0,4033.0,generation_agent_2,1015.0,41.0,generation_agent_3,61.0,41.0,4094.0
4570,,,4082.0,4033.0,household_agent_0,1000.0,41.0,generation_agent_3,79.0,41.0,4112.0
4571,,,4083.0,4033.0,household_agent_5,1005.0,41.0,generation_agent_3,90.0,41.0,4123.0
4572,,,4137.0,4118.0,generation_agent_2,1015.0,41.0,generation_agent_3,79.0,41.0,4197.0
4573,,,4138.0,4118.0,household_agent_0,1000.0,41.0,generation_agent_3,128.0,82.0,4246.0
4574,,,4139.0,4118.0,household_agent_5,1005.0,41.0,generation_agent_3,336.0,41.0,4454.0
4575,,,4193.0,4153.0,generation_agent_2,1015.0,41.0,generation_agent_3,71.0,41.0,4224.0
4576,,,4195.0,4153.0,household_agent_5,1005.0,41.0,generation_agent_3,376.0,287.0,4529.0
4577,,,4249.0,4175.0,generation_agent_2,1015.0,41.0,generation_agent_3,77.0,41.0,4252.0
4578,,,4250.0,4175.0,household_agent_0,1000.0,41.0,generation_agent_3,128.0,41.0,4303.0
4579,,,4305.0,4245.0,generation_agent_2,1015.0,41.0,generation_agent_3,79.0,82.0,4324.0
4580,,,4306.0,4245.0,household_agent_0,1000.0,41.0,generation_agent_3,123.0,82.0,4368.0
4581,,,4417.0,4279.0,generation_agent_2,1015.0,41.0,generation_agent_3,78.0,41.0,4357.0
4582,,,4418.0,4279.0,household_agent_0,1000.0,41.0,generation_agent_3,148.0,41.0,4427.0
4583,,,4473.0,4333.0,generation_agent_2,1015.0,41.0,generation_agent_3,77.0,41.0,4410.0
4584,,,4474.0,4333.0,household_agent_0,1000.0,41.0,generation_agent_3,101.0,41.0,4434.0
4585,,,4529.0,4366.0,generation_agent_2,1015.0,41.0,generation_agent_3,101.0,41.0,4467.0
4586,,,4530.0,4366.0,household_agent_0,1000.0,41.0,generation_agent_3,123.0,41.0,4489.0
4587,,,4585.0,4416.0,generation_agent_2,1015.0,41.0,generation_agent_3,68.0,41.0,4484.0
4588,,,4586.0,4416.0,household_agent_0,1000.0,41.0,generation_agent_3,79.0,41.0,4495.0
4589,,,4587.0,4416.0,household_agent_5,1005.0,41.0,generation_agent_3,174.0,41.0,4590.0
4590,,,4641.0,4488.0,generation_agent_2,1015.0,41.0,generation_agent_3,60.0,41.0,4548.0
4591,,,4642.0,4488.0,household_agent_0,1000.0,41.0,generation_agent_3,86.0,41.0,4574.0
4592,,,4643.0,4488.0,household_agent_5,1005.0,41.0,generation_agent_3,131.0,41.0,4619.0
4593,,,4697.0,4494.0,generation_agent_2,1015.0,41.0,generation_agent_3,85.0,41.0,4579.0
4594,,,4698.0,4494.0,household_agent_0,1000.0,41.0,generation_agent_3,113.0,41.0,4607.0
4595,,,4699.0,4494.0,household_agent_5,1005.0,41.0,generation_agent_3,208.0,41.0,4702.0
4596,,,4753.0,4591.0,generation_agent_2,1015.0,41.0,generation_agent_3,50.0,41.0,4641.0
4597,,,4754.0,4591.0,household_agent_0,1000.0,41.0,generation_agent_3,77.0,41.0,4668.0
4598,,,4755.0,4591.0,household_agent_5,1005.0,41.0,generation_agent_3,111.0,41.0,4702.0
4599,,,4809.0,4647.0,generation_agent_2,1015.0,41.0,generation_agent_3,44.0,41.0,4691.0
4600,,,4810.0,4647.0,household_agent_0,1000.0,41.0,generation_agent_3,68.0,41.0,4715.0
4601,,,4811.0,4647.0,household_agent_5,1005.0,41.0,generation_agent_3,104.0,41.0,4751.0
4602,,,4865.0,4714.0,generation_agent_2,1015.0,41.0,generation_agent_3,55.0,41.0,4769.0
4603,,,4866.0,4714.0,household_agent_0,1000.0,41.0,generation_agent_3,62.0,41.0,4776.0
4604,,,4867.0,4714.0,household_agent_5,1005.0,41.0,generation_agent_3,115.0,41.0,4829.0
4605,,,4921.0,4718.0,generation_agent_2,1015.0,41.0,generation_agent_3,82.0,41.0,4800.0
4606,,,4922.0,4718.0,household_agent_0,1000.0,41.0,generation_agent_3,92.0,41.0,4810.0
4607,,,4923.0,4718.0,household_agent_5,1005.0,41.0,generation_agent_3,178.0,41.0,4896.0
4608,,,4977.0,4796.0,generation_agent_2,1015.0,41.0,generation_agent_3,47.0,41.0,4843.0
4609,,,4978.0,4796.0,household_agent_0,1000.0,41.0,generation_agent_3,64.0,41.0,4860.0
4610,,,4979.0,4796.0,household_agent_5,1005.0,41.0,generation_agent_3,105.0,41.0,4901.0
4611,,,5033.0,4885.0,generation_agent_2,1015.0,41.0,generation_agent_3,45.0,41.0,4930.0
4612,,,5034.0,4885.0,household_agent_0,1000.0,41.0,generation_agent_3,56.0,41.0,4941.0
4613,,,5035.0,4885.0,household_agent_5,1005.0,41.0,generation_agent_3,123.0,41.0,5008.0
4614,,,5089.0,4945.0,generation_agent_2,1015.0,41.0,generation_agent_3,52.0,41.0,4997.0
4615,,,5090.0,4945.0,household_agent_0,1000.0,41.0,generation_agent_3,87.0,41.0,5032.0
4616,,,5091.0,4945.0,household_agent_5,1005.0,41.0,generation_agent_3,151.0,41.0,5096.0
4617,,,5145.0,5015.0,generation_agent_2,1015.0,41.0,generation_agent_3,68.0,41.0,5083.0
4618,,,5146.0,5015.0,household_agent_0,1000.0,41.0,generation_agent_3,76.0,41.0,5091.0
4619,,,5147.0,5015.0,household_agent_5,1005.0,41.0,generation_agent_3,127.0,41.0,5142.0
4620,,,5201.0,5034.0,generation_agent_2,1015.0,41.0,generation_agent_3,73.0,41.0,5107.0
4621,,,5202.0,5034.0,household_agent_0,1000.0,41.0,generation_agent_3,131.0,41.0,5165.0
4622,,,5203.0,5034.0,household_agent_5,1005.0,41.0,generation_agent_3,153.0,41.0,5187.0
4623,,,5257.0,5092.0,generation_agent_2,1015.0,41.0,generation_agent_3,49.0,41.0,5141.0
4624,,,5258.0,5092.0,household_agent_0,1000.0,41.0,generation_agent_3,83.0,41.0,5175.0
4625,,,5259.0,5092.0,household_agent_5,1005.0,41.0,generation_agent_3,119.0,41.0,5211.0
