,Parameter,Value,msgId,timeSend_ms,receiver,receiverPort,packetSize_B_x,sender,delay_ms,packetSize_B_y,receivingTime_ms
0,Start simulation,2024-07-24 15:20:10.488035,,,,,,,,,
1,Simulation configuration ID,e50ae0fc-9c7d-406d-84ae-4f929d64145c,,,,,,,,,
2,Network,SimbenchNetwork_LTE_1-LV-rural1--0-no_sw,,,,,,,,,
3,Communication graph,Ring Overlay Topology with 23 agents,,,,,,,,,
4,Agent communication pattern,DemandSupplyBalancing,,,,,,,,,
5,Trigger Type,EVENT_TRIGGERED,,,,,,,,,
6,Data size generator,"Increasing data size generator with lower bound = 200 B,upper bound = 1000 B",,,,,,,,,
7,Frequency,0,,,,,,,,,
8,Simulation duration,30000,,,,,,,,,
9,Communication mode,COMPLEX,,,,,,,,,
10,System State,SystemState.NORMAL,,,,,,,,,
11,Organizational structure,DECENTRALIZED,,,,,,,,,
0,,,0.0,16.0,household_agent_12,1012.0,991.0,control_center_agent,20.0,536.0,36.0
1,,,0.0,16.0,household_agent_12,1012.0,991.0,control_center_agent,34.0,455.0,50.0
2,,,34.0,258.0,household_agent_1,1001.0,991.0,household_agent_0,61.0,536.0,319.0
3,,,34.0,258.0,household_agent_1,1001.0,991.0,household_agent_0,102.0,455.0,360.0
4,,,66.0,1011.0,household_agent_1,1001.0,991.0,household_agent_0,49.0,536.0,1060.0
5,,,66.0,1011.0,household_agent_1,1001.0,991.0,household_agent_0,91.0,455.0,1102.0
6,,,98.0,1983.0,household_agent_1,1001.0,991.0,household_agent_0,59.0,536.0,2042.0
7,,,98.0,1983.0,household_agent_1,1001.0,991.0,household_agent_0,96.0,455.0,2079.0
8,,,130.0,2637.0,household_agent_1,1001.0,991.0,household_agent_0,61.0,536.0,2698.0
9,,,130.0,2637.0,household_agent_1,1001.0,991.0,household_agent_0,101.0,455.0,2738.0
10,,,162.0,3000.0,household_agent_1,1001.0,991.0,household_agent_0,52.0,536.0,3052.0
11,,,162.0,3000.0,household_agent_1,1001.0,991.0,household_agent_0,97.0,455.0,3097.0
12,,,194.0,3931.0,household_agent_1,1001.0,991.0,household_agent_0,61.0,536.0,3992.0
13,,,194.0,3931.0,household_agent_1,1001.0,991.0,household_agent_0,98.0,455.0,4029.0
14,,,226.0,4541.0,household_agent_1,1001.0,991.0,household_agent_0,54.0,536.0,4595.0
15,,,226.0,4541.0,household_agent_1,1001.0,991.0,household_agent_0,85.0,455.0,4626.0
16,,,258.0,4719.0,household_agent_1,1001.0,991.0,household_agent_0,52.0,536.0,4771.0
17,,,258.0,4719.0,household_agent_1,1001.0,991.0,household_agent_0,89.0,455.0,4808.0
18,,,290.0,4906.0,household_agent_1,1001.0,991.0,household_agent_0,50.0,536.0,4956.0
19,,,290.0,4906.0,household_agent_1,1001.0,991.0,household_agent_0,87.0,455.0,4993.0
20,,,322.0,5733.0,household_agent_1,1001.0,991.0,household_agent_0,57.0,536.0,5790.0
21,,,322.0,5733.0,household_agent_1,1001.0,991.0,household_agent_0,103.0,455.0,5836.0
22,,,32.0,258.0,household_agent_0,1000.0,991.0,household_agent_1,53.0,536.0,311.0
23,,,32.0,258.0,household_agent_0,1000.0,991.0,household_agent_1,92.0,455.0,350.0
24,,,33.0,258.0,household_agent_2,1002.0,991.0,household_agent_1,78.0,536.0,336.0
25,,,33.0,258.0,household_agent_2,1002.0,991.0,household_agent_1,123.0,455.0,381.0
26,,,64.0,1011.0,household_agent_0,1000.0,991.0,household_agent_1,57.0,536.0,1068.0
27,,,64.0,1011.0,household_agent_0,1000.0,991.0,household_agent_1,92.0,455.0,1103.0
28,,,65.0,1011.0,household_agent_2,1002.0,991.0,household_agent_1,74.0,536.0,1085.0
29,,,65.0,1011.0,household_agent_2,1002.0,991.0,household_agent_1,111.0,455.0,1122.0
30,,,96.0,1983.0,household_agent_0,1000.0,991.0,household_agent_1,53.0,536.0,2036.0
31,,,96.0,1983.0,household_agent_0,1000.0,991.0,household_agent_1,92.0,455.0,2075.0
32,,,97.0,1983.0,household_agent_2,1002.0,991.0,household_agent_1,69.0,536.0,2052.0
33,,,97.0,1983.0,household_agent_2,1002.0,991.0,household_agent_1,114.0,455.0,2097.0
34,,,128.0,2637.0,household_agent_0,1000.0,991.0,household_agent_1,51.0,536.0,2688.0
35,,,128.0,2637.0,household_agent_0,1000.0,991.0,household_agent_1,84.0,455.0,2721.0
36,,,129.0,2637.0,household_agent_2,1002.0,991.0,household_agent_1,67.0,536.0,2704.0
37,,,129.0,2637.0,household_agent_2,1002.0,991.0,household_agent_1,105.0,455.0,2742.0
38,,,160.0,3000.0,household_agent_0,1000.0,991.0,household_agent_1,55.0,536.0,3055.0
39,,,160.0,3000.0,household_agent_0,1000.0,991.0,household_agent_1,98.0,455.0,3098.0
40,,,161.0,3000.0,household_agent_2,1002.0,991.0,household_agent_1,76.0,536.0,3076.0
41,,,161.0,3000.0,household_agent_2,1002.0,991.0,household_agent_1,117.0,455.0,3117.0
42,,,192.0,3931.0,household_agent_0,1000.0,991.0,household_agent_1,52.0,536.0,3983.0
43,,,192.0,3931.0,household_agent_0,1000.0,991.0,household_agent_1,92.0,455.0,4023.0
44,,,193.0,3931.0,household_agent_2,1002.0,991.0,household_agent_1,63.0,536.0,3994.0
45,,,193.0,3931.0,household_agent_2,1002.0,991.0,household_agent_1,104.0,455.0,4035.0
46,,,224.0,4541.0,household_agent_0,1000.0,991.0,household_agent_1,54.0,536.0,4595.0
47,,,224.0,4541.0,household_agent_0,1000.0,991.0,household_agent_1,87.0,455.0,4628.0
48,,,225.0,4541.0,household_agent_2,1002.0,991.0,household_agent_1,65.0,536.0,4606.0
49,,,225.0,4541.0,household_agent_2,1002.0,991.0,household_agent_1,108.0,455.0,4649.0
50,,,256.0,4719.0,household_agent_0,1000.0,991.0,household_agent_1,58.0,536.0,4777.0
51,,,256.0,4719.0,household_agent_0,1000.0,991.0,household_agent_1,95.0,455.0,4814.0
52,,,257.0,4719.0,household_agent_2,1002.0,991.0,household_agent_1,67.0,536.0,4786.0
53,,,257.0,4719.0,household_agent_2,1002.0,991.0,household_agent_1,108.0,455.0,4827.0
54,,,288.0,4906.0,household_agent_0,1000.0,991.0,household_agent_1,64.0,536.0,4970.0
55,,,288.0,4906.0,household_agent_0,1000.0,991.0,household_agent_1,107.0,455.0,5013.0
56,,,289.0,4906.0,household_agent_2,1002.0,991.0,household_agent_1,81.0,536.0,4987.0
57,,,289.0,4906.0,household_agent_2,1002.0,991.0,household_agent_1,125.0,455.0,5031.0
58,,,320.0,5733.0,household_agent_0,1000.0,991.0,household_agent_1,53.0,536.0,5786.0
59,,,320.0,5733.0,household_agent_0,1000.0,991.0,household_agent_1,88.0,455.0,5821.0
60,,,321.0,5733.0,household_agent_2,1002.0,991.0,household_agent_1,64.0,536.0,5797.0
61,,,321.0,5733.0,household_agent_2,1002.0,991.0,household_agent_1,99.0,455.0,5832.0
62,,,30.0,258.0,household_agent_1,1001.0,991.0,household_agent_2,69.0,536.0,327.0
63,,,30.0,258.0,household_agent_1,1001.0,991.0,household_agent_2,115.0,455.0,373.0
64,,,31.0,258.0,household_agent_3,1003.0,991.0,household_agent_2,79.0,536.0,337.0
65,,,31.0,258.0,household_agent_3,1003.0,991.0,household_agent_2,129.0,455.0,387.0
66,,,62.0,1011.0,household_agent_1,1001.0,991.0,household_agent_2,59.0,536.0,1070.0
67,,,62.0,1011.0,household_agent_1,1001.0,991.0,household_agent_2,94.0,455.0,1105.0
68,,,63.0,1011.0,household_agent_3,1003.0,991.0,household_agent_2,85.0,536.0,1096.0
69,,,63.0,1011.0,household_agent_3,1003.0,991.0,household_agent_2,127.0,455.0,1138.0
70,,,94.0,1983.0,household_agent_1,1001.0,991.0,household_agent_2,56.0,536.0,2039.0
71,,,94.0,1983.0,household_agent_1,1001.0,991.0,household_agent_2,102.0,455.0,2085.0
72,,,95.0,1983.0,household_agent_3,1003.0,991.0,household_agent_2,76.0,536.0,2059.0
73,,,95.0,1983.0,household_agent_3,1003.0,991.0,household_agent_2,123.0,455.0,2106.0
74,,,126.0,2637.0,household_agent_1,1001.0,991.0,household_agent_2,63.0,536.0,2700.0
75,,,126.0,2637.0,household_agent_1,1001.0,991.0,household_agent_2,107.0,455.0,2744.0
76,,,127.0,2637.0,household_agent_3,1003.0,991.0,household_agent_2,78.0,536.0,2715.0
77,,,127.0,2637.0,household_agent_3,1003.0,991.0,household_agent_2,117.0,455.0,2754.0
78,,,158.0,3000.0,household_agent_1,1001.0,991.0,household_agent_2,58.0,536.0,3058.0
79,,,158.0,3000.0,household_agent_1,1001.0,991.0,household_agent_2,100.0,455.0,3100.0
80,,,159.0,3000.0,household_agent_3,1003.0,991.0,household_agent_2,74.0,536.0,3074.0
81,,,159.0,3000.0,household_agent_3,1003.0,991.0,household_agent_2,110.0,455.0,3110.0
82,,,190.0,3931.0,household_agent_1,1001.0,991.0,household_agent_2,60.0,536.0,3991.0
83,,,190.0,3931.0,household_agent_1,1001.0,991.0,household_agent_2,108.0,455.0,4039.0
84,,,191.0,3931.0,household_agent_3,1003.0,991.0,household_agent_2,75.0,536.0,4006.0
85,,,191.0,3931.0,household_agent_3,1003.0,991.0,household_agent_2,122.0,455.0,4053.0
86,,,222.0,4541.0,household_agent_1,1001.0,991.0,household_agent_2,66.0,536.0,4607.0
87,,,222.0,4541.0,household_agent_1,1001.0,991.0,household_agent_2,110.0,455.0,4651.0
88,,,223.0,4541.0,household_agent_3,1003.0,991.0,household_agent_2,75.0,536.0,4616.0
89,,,223.0,4541.0,household_agent_3,1003.0,991.0,household_agent_2,124.0,455.0,4665.0
90,,,254.0,4719.0,household_agent_1,1001.0,991.0,household_agent_2,63.0,536.0,4782.0
91,,,254.0,4719.0,household_agent_1,1001.0,991.0,household_agent_2,102.0,455.0,4821.0
92,,,255.0,4719.0,household_agent_3,1003.0,991.0,household_agent_2,78.0,536.0,4797.0
93,,,255.0,4719.0,household_agent_3,1003.0,991.0,household_agent_2,114.0,455.0,4833.0
94,,,286.0,4906.0,household_agent_1,1001.0,991.0,household_agent_2,63.0,536.0,4969.0
95,,,286.0,4906.0,household_agent_1,1001.0,991.0,household_agent_2,104.0,455.0,5010.0
96,,,287.0,4906.0,household_agent_3,1003.0,991.0,household_agent_2,79.0,536.0,4985.0
97,,,287.0,4906.0,household_agent_3,1003.0,991.0,household_agent_2,116.0,455.0,5022.0
98,,,318.0,5733.0,household_agent_1,1001.0,991.0,household_agent_2,64.0,536.0,5797.0
99,,,318.0,5733.0,household_agent_1,1001.0,991.0,household_agent_2,114.0,455.0,5847.0
100,,,319.0,5733.0,household_agent_3,1003.0,991.0,household_agent_2,75.0,536.0,5808.0
101,,,319.0,5733.0,household_agent_3,1003.0,991.0,household_agent_2,121.0,455.0,5854.0
102,,,28.0,258.0,household_agent_2,1002.0,991.0,household_agent_3,53.0,536.0,311.0
103,,,28.0,258.0,household_agent_2,1002.0,991.0,household_agent_3,100.0,455.0,358.0
104,,,29.0,258.0,household_agent_4,1004.0,991.0,household_agent_3,67.0,536.0,325.0
105,,,29.0,258.0,household_agent_4,1004.0,991.0,household_agent_3,111.0,455.0,369.0
106,,,60.0,1011.0,household_agent_2,1002.0,991.0,household_agent_3,51.0,536.0,1062.0
107,,,60.0,1011.0,household_agent_2,1002.0,991.0,household_agent_3,107.0,455.0,1118.0
108,,,61.0,1011.0,household_agent_4,1004.0,991.0,household_agent_3,73.0,536.0,1084.0
109,,,61.0,1011.0,household_agent_4,1004.0,991.0,household_agent_3,120.0,455.0,1131.0
110,,,92.0,1983.0,household_agent_2,1002.0,991.0,household_agent_3,54.0,536.0,2037.0
111,,,92.0,1983.0,household_agent_2,1002.0,991.0,household_agent_3,97.0,455.0,2080.0
112,,,93.0,1983.0,household_agent_4,1004.0,991.0,household_agent_3,71.0,536.0,2054.0
113,,,93.0,1983.0,household_agent_4,1004.0,991.0,household_agent_3,110.0,455.0,2093.0
114,,,124.0,2637.0,household_agent_2,1002.0,991.0,household_agent_3,51.0,536.0,2688.0
115,,,124.0,2637.0,household_agent_2,1002.0,991.0,household_agent_3,100.0,455.0,2737.0
116,,,125.0,2637.0,household_agent_4,1004.0,991.0,household_agent_3,73.0,536.0,2710.0
117,,,125.0,2637.0,household_agent_4,1004.0,991.0,household_agent_3,114.0,455.0,2751.0
118,,,156.0,3000.0,household_agent_2,1002.0,991.0,household_agent_3,52.0,536.0,3052.0
119,,,156.0,3000.0,household_agent_2,1002.0,991.0,household_agent_3,95.0,455.0,3095.0
120,,,157.0,3000.0,household_agent_4,1004.0,991.0,household_agent_3,68.0,536.0,3068.0
121,,,157.0,3000.0,household_agent_4,1004.0,991.0,household_agent_3,107.0,455.0,3107.0
122,,,188.0,3931.0,household_agent_2,1002.0,991.0,household_agent_3,49.0,536.0,3980.0
123,,,188.0,3931.0,household_agent_2,1002.0,991.0,household_agent_3,101.0,455.0,4032.0
124,,,189.0,3931.0,household_agent_4,1004.0,991.0,household_agent_3,68.0,536.0,3999.0
125,,,189.0,3931.0,household_agent_4,1004.0,991.0,household_agent_3,114.0,455.0,4045.0
126,,,220.0,4541.0,household_agent_2,1002.0,991.0,household_agent_3,58.0,536.0,4599.0
127,,,220.0,4541.0,household_agent_2,1002.0,991.0,household_agent_3,97.0,455.0,4638.0
128,,,221.0,4541.0,household_agent_4,1004.0,991.0,household_agent_3,72.0,536.0,4613.0
129,,,221.0,4541.0,household_agent_4,1004.0,991.0,household_agent_3,107.0,455.0,4648.0
130,,,252.0,4719.0,household_agent_2,1002.0,991.0,household_agent_3,53.0,536.0,4772.0
131,,,252.0,4719.0,household_agent_2,1002.0,991.0,household_agent_3,101.0,455.0,4820.0
132,,,253.0,4719.0,household_agent_4,1004.0,991.0,household_agent_3,64.0,536.0,4783.0
133,,,253.0,4719.0,household_agent_4,1004.0,991.0,household_agent_3,115.0,455.0,4834.0
134,,,284.0,4906.0,household_agent_2,1002.0,991.0,household_agent_3,51.0,536.0,4957.0
135,,,284.0,4906.0,household_agent_2,1002.0,991.0,household_agent_3,102.0,455.0,5008.0
136,,,285.0,4906.0,household_agent_4,1004.0,991.0,household_agent_3,67.0,536.0,4973.0
137,,,285.0,4906.0,household_agent_4,1004.0,991.0,household_agent_3,113.0,455.0,5019.0
138,,,316.0,5733.0,household_agent_2,1002.0,991.0,household_agent_3,49.0,536.0,5782.0
139,,,316.0,5733.0,household_agent_2,1002.0,991.0,household_agent_3,96.0,455.0,5829.0
140,,,317.0,5733.0,household_agent_4,1004.0,991.0,household_agent_3,68.0,536.0,5801.0
141,,,317.0,5733.0,household_agent_4,1004.0,991.0,household_agent_3,114.0,455.0,5847.0
142,,,26.0,258.0,household_agent_3,1003.0,991.0,household_agent_4,51.0,536.0,309.0
143,,,26.0,258.0,household_agent_3,1003.0,991.0,household_agent_4,92.0,455.0,350.0
144,,,27.0,258.0,household_agent_5,1005.0,991.0,household_agent_4,66.0,536.0,324.0
145,,,27.0,258.0,household_agent_5,1005.0,991.0,household_agent_4,105.0,455.0,363.0
146,,,58.0,1011.0,household_agent_3,1003.0,991.0,household_agent_4,53.0,536.0,1064.0
147,,,58.0,1011.0,household_agent_3,1003.0,991.0,household_agent_4,93.0,455.0,1104.0
148,,,59.0,1011.0,household_agent_5,1005.0,991.0,household_agent_4,66.0,536.0,1077.0
149,,,59.0,1011.0,household_agent_5,1005.0,991.0,household_agent_4,105.0,455.0,1116.0
150,,,90.0,1983.0,household_agent_3,1003.0,991.0,household_agent_4,52.0,536.0,2035.0
151,,,90.0,1983.0,household_agent_3,1003.0,991.0,household_agent_4,93.0,455.0,2076.0
152,,,91.0,1983.0,household_agent_5,1005.0,991.0,household_agent_4,80.0,536.0,2063.0
153,,,91.0,1983.0,household_agent_5,1005.0,991.0,household_agent_4,116.0,455.0,2099.0
154,,,122.0,2637.0,household_agent_3,1003.0,991.0,household_agent_4,53.0,536.0,2690.0
155,,,122.0,2637.0,household_agent_3,1003.0,991.0,household_agent_4,93.0,455.0,2730.0
156,,,123.0,2637.0,household_agent_5,1005.0,991.0,household_agent_4,63.0,536.0,2700.0
157,,,123.0,2637.0,household_agent_5,1005.0,991.0,household_agent_4,104.0,455.0,2741.0
158,,,154.0,3000.0,household_agent_3,1003.0,991.0,household_agent_4,49.0,536.0,3049.0
159,,,154.0,3000.0,household_agent_3,1003.0,991.0,household_agent_4,85.0,455.0,3085.0
160,,,155.0,3000.0,household_agent_5,1005.0,991.0,household_agent_4,76.0,536.0,3076.0
161,,,155.0,3000.0,household_agent_5,1005.0,991.0,household_agent_4,121.0,455.0,3121.0
162,,,186.0,3931.0,household_agent_3,1003.0,991.0,household_agent_4,54.0,536.0,3985.0
163,,,186.0,3931.0,household_agent_3,1003.0,991.0,household_agent_4,93.0,455.0,4024.0
164,,,187.0,3931.0,household_agent_5,1005.0,991.0,household_agent_4,78.0,536.0,4009.0
165,,,187.0,3931.0,household_agent_5,1005.0,991.0,household_agent_4,118.0,455.0,4049.0
166,,,218.0,4541.0,household_agent_3,1003.0,991.0,household_agent_4,51.0,536.0,4592.0
167,,,218.0,4541.0,household_agent_3,1003.0,991.0,household_agent_4,93.0,455.0,4634.0
168,,,219.0,4541.0,household_agent_5,1005.0,991.0,household_agent_4,61.0,536.0,4602.0
169,,,219.0,4541.0,household_agent_5,1005.0,991.0,household_agent_4,104.0,455.0,4645.0
170,,,250.0,4719.0,household_agent_3,1003.0,991.0,household_agent_4,56.0,536.0,4775.0
171,,,250.0,4719.0,household_agent_3,1003.0,991.0,household_agent_4,84.0,455.0,4803.0
172,,,251.0,4719.0,household_agent_5,1005.0,991.0,household_agent_4,66.0,536.0,4785.0
173,,,251.0,4719.0,household_agent_5,1005.0,991.0,household_agent_4,103.0,455.0,4822.0
174,,,282.0,4906.0,household_agent_3,1003.0,991.0,household_agent_4,62.0,536.0,4968.0
175,,,282.0,4906.0,household_agent_3,1003.0,991.0,household_agent_4,102.0,455.0,5008.0
176,,,283.0,4906.0,household_agent_5,1005.0,991.0,household_agent_4,84.0,536.0,4990.0
177,,,283.0,4906.0,household_agent_5,1005.0,991.0,household_agent_4,132.0,455.0,5038.0
178,,,314.0,5733.0,household_agent_3,1003.0,991.0,household_agent_4,53.0,536.0,5786.0
179,,,314.0,5733.0,household_agent_3,1003.0,991.0,household_agent_4,91.0,455.0,5824.0
180,,,315.0,5733.0,household_agent_5,1005.0,991.0,household_agent_4,62.0,536.0,5795.0
181,,,315.0,5733.0,household_agent_5,1005.0,991.0,household_agent_4,102.0,455.0,5835.0
182,,,24.0,258.0,household_agent_4,1004.0,991.0,household_agent_5,59.0,536.0,317.0
183,,,24.0,258.0,household_agent_4,1004.0,991.0,household_agent_5,95.0,455.0,353.0
184,,,25.0,258.0,household_agent_6,1006.0,991.0,household_agent_5,78.0,536.0,336.0
185,,,25.0,258.0,household_agent_6,1006.0,991.0,household_agent_5,114.0,455.0,372.0
186,,,56.0,1011.0,household_agent_4,1004.0,991.0,household_agent_5,57.0,536.0,1068.0
187,,,56.0,1011.0,household_agent_4,1004.0,991.0,household_agent_5,96.0,455.0,1107.0
188,,,57.0,1011.0,household_agent_6,1006.0,991.0,household_agent_5,74.0,536.0,1085.0
189,,,57.0,1011.0,household_agent_6,1006.0,991.0,household_agent_5,110.0,455.0,1121.0
190,,,88.0,1983.0,household_agent_4,1004.0,991.0,household_agent_5,51.0,536.0,2034.0
191,,,88.0,1983.0,household_agent_4,1004.0,991.0,household_agent_5,107.0,455.0,2090.0
192,,,89.0,1983.0,household_agent_6,1006.0,991.0,household_agent_5,63.0,536.0,2046.0
193,,,89.0,1983.0,household_agent_6,1006.0,991.0,household_agent_5,118.0,455.0,2101.0
194,,,120.0,2637.0,household_agent_4,1004.0,991.0,household_agent_5,54.0,536.0,2691.0
195,,,120.0,2637.0,household_agent_4,1004.0,991.0,household_agent_5,90.0,455.0,2727.0
196,,,121.0,2637.0,household_agent_6,1006.0,991.0,household_agent_5,68.0,536.0,2705.0
197,,,121.0,2637.0,household_agent_6,1006.0,991.0,household_agent_5,119.0,455.0,2756.0
198,,,152.0,3000.0,household_agent_4,1004.0,991.0,household_agent_5,64.0,536.0,3064.0
199,,,152.0,3000.0,household_agent_4,1004.0,991.0,household_agent_5,106.0,455.0,3106.0
200,,,153.0,3000.0,household_agent_6,1006.0,991.0,household_agent_5,73.0,536.0,3073.0
201,,,153.0,3000.0,household_agent_6,1006.0,991.0,household_agent_5,116.0,455.0,3116.0
202,,,184.0,3931.0,household_agent_4,1004.0,991.0,household_agent_5,54.0,536.0,3985.0
203,,,184.0,3931.0,household_agent_4,1004.0,991.0,household_agent_5,97.0,455.0,4028.0
204,,,185.0,3931.0,household_agent_6,1006.0,991.0,household_agent_5,66.0,536.0,3997.0
205,,,185.0,3931.0,household_agent_6,1006.0,991.0,household_agent_5,109.0,455.0,4040.0
206,,,216.0,4541.0,household_agent_4,1004.0,991.0,household_agent_5,51.0,536.0,4592.0
207,,,216.0,4541.0,household_agent_4,1004.0,991.0,household_agent_5,84.0,455.0,4625.0
208,,,217.0,4541.0,household_agent_6,1006.0,991.0,household_agent_5,67.0,536.0,4608.0
209,,,217.0,4541.0,household_agent_6,1006.0,991.0,household_agent_5,101.0,455.0,4642.0
210,,,248.0,4719.0,household_agent_4,1004.0,991.0,household_agent_5,50.0,536.0,4769.0
211,,,248.0,4719.0,household_agent_4,1004.0,991.0,household_agent_5,88.0,455.0,4807.0
212,,,249.0,4719.0,household_agent_6,1006.0,991.0,household_agent_5,63.0,536.0,4782.0
213,,,249.0,4719.0,household_agent_6,1006.0,991.0,household_agent_5,100.0,455.0,4819.0
214,,,280.0,4906.0,household_agent_4,1004.0,991.0,household_agent_5,73.0,536.0,4979.0
215,,,280.0,4906.0,household_agent_4,1004.0,991.0,household_agent_5,114.0,455.0,5020.0
216,,,281.0,4906.0,household_agent_6,1006.0,991.0,household_agent_5,74.0,536.0,4980.0
217,,,281.0,4906.0,household_agent_6,1006.0,991.0,household_agent_5,123.0,455.0,5029.0
218,,,312.0,5733.0,household_agent_4,1004.0,991.0,household_agent_5,60.0,536.0,5793.0
219,,,312.0,5733.0,household_agent_4,1004.0,991.0,household_agent_5,98.0,455.0,5831.0
220,,,313.0,5733.0,household_agent_6,1006.0,991.0,household_agent_5,71.0,536.0,5804.0
221,,,313.0,5733.0,household_agent_6,1006.0,991.0,household_agent_5,112.0,455.0,5845.0
222,,,22.0,258.0,household_agent_5,1005.0,991.0,household_agent_6,87.0,536.0,345.0
223,,,22.0,258.0,household_agent_5,1005.0,991.0,household_agent_6,129.0,455.0,387.0
224,,,23.0,258.0,household_agent_7,1007.0,991.0,household_agent_6,66.0,536.0,324.0
225,,,23.0,258.0,household_agent_7,1007.0,991.0,household_agent_6,107.0,455.0,365.0
226,,,54.0,1011.0,household_agent_5,1005.0,991.0,household_agent_6,87.0,536.0,1098.0
227,,,54.0,1011.0,household_agent_5,1005.0,991.0,household_agent_6,125.0,455.0,1136.0
228,,,55.0,1011.0,household_agent_7,1007.0,991.0,household_agent_6,66.0,536.0,1077.0
229,,,55.0,1011.0,household_agent_7,1007.0,991.0,household_agent_6,109.0,455.0,1120.0
230,,,86.0,1983.0,household_agent_5,1005.0,991.0,household_agent_6,69.0,536.0,2052.0
231,,,86.0,1983.0,household_agent_5,1005.0,991.0,household_agent_6,106.0,455.0,2089.0
232,,,87.0,1983.0,household_agent_7,1007.0,991.0,household_agent_6,84.0,536.0,2067.0
233,,,87.0,1983.0,household_agent_7,1007.0,991.0,household_agent_6,120.0,455.0,2103.0
234,,,118.0,2637.0,household_agent_5,1005.0,991.0,household_agent_6,79.0,536.0,2716.0
235,,,118.0,2637.0,household_agent_5,1005.0,991.0,household_agent_6,125.0,455.0,2762.0
236,,,119.0,2637.0,household_agent_7,1007.0,991.0,household_agent_6,63.0,536.0,2700.0
237,,,119.0,2637.0,household_agent_7,1007.0,991.0,household_agent_6,97.0,455.0,2734.0
238,,,150.0,3000.0,household_agent_5,1005.0,991.0,household_agent_6,86.0,536.0,3086.0
239,,,150.0,3000.0,household_agent_5,1005.0,991.0,household_agent_6,130.0,455.0,3130.0
240,,,151.0,3000.0,household_agent_7,1007.0,991.0,household_agent_6,61.0,536.0,3061.0
241,,,151.0,3000.0,household_agent_7,1007.0,991.0,household_agent_6,101.0,455.0,3101.0
242,,,182.0,3931.0,household_agent_5,1005.0,991.0,household_agent_6,75.0,536.0,4006.0
243,,,182.0,3931.0,household_agent_5,1005.0,991.0,household_agent_6,121.0,455.0,4052.0
244,,,183.0,3931.0,household_agent_7,1007.0,991.0,household_agent_6,68.0,536.0,3999.0
245,,,183.0,3931.0,household_agent_7,1007.0,991.0,household_agent_6,99.0,455.0,4030.0
246,,,214.0,4541.0,household_agent_5,1005.0,991.0,household_agent_6,78.0,536.0,4619.0
247,,,214.0,4541.0,household_agent_5,1005.0,991.0,household_agent_6,103.0,455.0,4644.0
248,,,215.0,4541.0,household_agent_7,1007.0,991.0,household_agent_6,63.0,536.0,4604.0
249,,,215.0,4541.0,household_agent_7,1007.0,991.0,household_agent_6,120.0,455.0,4661.0
250,,,246.0,4719.0,household_agent_5,1005.0,991.0,household_agent_6,77.0,536.0,4796.0
251,,,246.0,4719.0,household_agent_5,1005.0,991.0,household_agent_6,104.0,455.0,4823.0
252,,,247.0,4719.0,household_agent_7,1007.0,991.0,household_agent_6,63.0,536.0,4782.0
253,,,247.0,4719.0,household_agent_7,1007.0,991.0,household_agent_6,121.0,455.0,4840.0
254,,,278.0,4906.0,household_agent_5,1005.0,991.0,household_agent_6,90.0,536.0,4996.0
255,,,278.0,4906.0,household_agent_5,1005.0,991.0,household_agent_6,127.0,455.0,5033.0
256,,,279.0,4906.0,household_agent_7,1007.0,991.0,household_agent_6,62.0,536.0,4968.0
257,,,279.0,4906.0,household_agent_7,1007.0,991.0,household_agent_6,106.0,455.0,5012.0
258,,,310.0,5733.0,household_agent_5,1005.0,991.0,household_agent_6,83.0,536.0,5816.0
259,,,310.0,5733.0,household_agent_5,1005.0,991.0,household_agent_6,128.0,455.0,5861.0
260,,,311.0,5733.0,household_agent_7,1007.0,991.0,household_agent_6,63.0,536.0,5796.0
261,,,311.0,5733.0,household_agent_7,1007.0,991.0,household_agent_6,101.0,455.0,5834.0
262,,,20.0,258.0,household_agent_6,1006.0,991.0,household_agent_7,80.0,536.0,338.0
263,,,20.0,258.0,household_agent_6,1006.0,991.0,household_agent_7,116.0,455.0,374.0
264,,,21.0,258.0,household_agent_8,1008.0,991.0,household_agent_7,89.0,536.0,347.0
265,,,21.0,258.0,household_agent_8,1008.0,991.0,household_agent_7,126.0,455.0,384.0
266,,,52.0,1011.0,household_agent_6,1006.0,991.0,household_agent_7,83.0,536.0,1094.0
267,,,52.0,1011.0,household_agent_6,1006.0,991.0,household_agent_7,123.0,455.0,1134.0
268,,,53.0,1011.0,household_agent_8,1008.0,991.0,household_agent_7,90.0,536.0,1101.0
269,,,53.0,1011.0,household_agent_8,1008.0,991.0,household_agent_7,138.0,455.0,1149.0
270,,,84.0,1983.0,household_agent_6,1006.0,991.0,household_agent_7,85.0,536.0,2068.0
271,,,84.0,1983.0,household_agent_6,1006.0,991.0,household_agent_7,129.0,455.0,2112.0
272,,,85.0,1983.0,household_agent_8,1008.0,991.0,household_agent_7,90.0,536.0,2073.0
273,,,85.0,1983.0,household_agent_8,1008.0,991.0,household_agent_7,135.0,455.0,2118.0
274,,,116.0,2637.0,household_agent_6,1006.0,991.0,household_agent_7,76.0,536.0,2713.0
275,,,116.0,2637.0,household_agent_6,1006.0,991.0,household_agent_7,124.0,455.0,2761.0
276,,,117.0,2637.0,household_agent_8,1008.0,991.0,household_agent_7,89.0,536.0,2726.0
277,,,117.0,2637.0,household_agent_8,1008.0,991.0,household_agent_7,127.0,455.0,2764.0
278,,,148.0,3000.0,household_agent_6,1006.0,991.0,household_agent_7,80.0,536.0,3080.0
279,,,148.0,3000.0,household_agent_6,1006.0,991.0,household_agent_7,119.0,455.0,3119.0
280,,,149.0,3000.0,household_agent_8,1008.0,991.0,household_agent_7,91.0,536.0,3091.0
281,,,149.0,3000.0,household_agent_8,1008.0,991.0,household_agent_7,132.0,455.0,3132.0
282,,,180.0,3931.0,household_agent_6,1006.0,991.0,household_agent_7,78.0,536.0,4009.0
283,,,180.0,3931.0,household_agent_6,1006.0,991.0,household_agent_7,117.0,455.0,4048.0
284,,,181.0,3931.0,household_agent_8,1008.0,991.0,household_agent_7,87.0,536.0,4018.0
285,,,181.0,3931.0,household_agent_8,1008.0,991.0,household_agent_7,125.0,455.0,4056.0
286,,,212.0,4541.0,household_agent_6,1006.0,991.0,household_agent_7,82.0,536.0,4623.0
287,,,212.0,4541.0,household_agent_6,1006.0,991.0,household_agent_7,118.0,455.0,4659.0
288,,,213.0,4541.0,household_agent_8,1008.0,991.0,household_agent_7,90.0,536.0,4631.0
289,,,213.0,4541.0,household_agent_8,1008.0,991.0,household_agent_7,132.0,455.0,4673.0
290,,,244.0,4719.0,household_agent_6,1006.0,991.0,household_agent_7,82.0,536.0,4801.0
291,,,244.0,4719.0,household_agent_6,1006.0,991.0,household_agent_7,122.0,455.0,4841.0
292,,,245.0,4719.0,household_agent_8,1008.0,991.0,household_agent_7,85.0,536.0,4804.0
293,,,245.0,4719.0,household_agent_8,1008.0,991.0,household_agent_7,130.0,455.0,4849.0
294,,,276.0,4906.0,household_agent_6,1006.0,991.0,household_agent_7,85.0,536.0,4991.0
295,,,276.0,4906.0,household_agent_6,1006.0,991.0,household_agent_7,125.0,455.0,5031.0
296,,,277.0,4906.0,household_agent_8,1008.0,991.0,household_agent_7,99.0,536.0,5005.0
297,,,277.0,4906.0,household_agent_8,1008.0,991.0,household_agent_7,135.0,455.0,5041.0
298,,,308.0,5733.0,household_agent_6,1006.0,991.0,household_agent_7,79.0,536.0,5812.0
299,,,308.0,5733.0,household_agent_6,1006.0,991.0,household_agent_7,118.0,455.0,5851.0
300,,,309.0,5733.0,household_agent_8,1008.0,991.0,household_agent_7,87.0,536.0,5820.0
301,,,309.0,5733.0,household_agent_8,1008.0,991.0,household_agent_7,127.0,455.0,5860.0
302,,,17.0,258.0,household_agent_7,1007.0,991.0,household_agent_8,58.0,536.0,316.0
303,,,17.0,258.0,household_agent_7,1007.0,991.0,household_agent_8,112.0,455.0,370.0
304,,,18.0,258.0,household_agent_9,1009.0,991.0,household_agent_8,91.0,536.0,349.0
305,,,18.0,258.0,household_agent_9,1009.0,991.0,household_agent_8,130.0,455.0,388.0
306,,,49.0,1011.0,household_agent_7,1007.0,991.0,household_agent_8,68.0,536.0,1079.0
307,,,49.0,1011.0,household_agent_7,1007.0,991.0,household_agent_8,113.0,455.0,1124.0
308,,,50.0,1011.0,household_agent_9,1009.0,991.0,household_agent_8,83.0,536.0,1094.0
309,,,50.0,1011.0,household_agent_9,1009.0,991.0,household_agent_8,122.0,455.0,1133.0
310,,,81.0,1983.0,household_agent_7,1007.0,991.0,household_agent_8,59.0,536.0,2042.0
311,,,81.0,1983.0,household_agent_7,1007.0,991.0,household_agent_8,113.0,455.0,2096.0
312,,,82.0,1983.0,household_agent_9,1009.0,991.0,household_agent_8,67.0,536.0,2050.0
313,,,82.0,1983.0,household_agent_9,1009.0,991.0,household_agent_8,125.0,455.0,2108.0
314,,,113.0,2637.0,household_agent_7,1007.0,991.0,household_agent_8,59.0,536.0,2696.0
315,,,113.0,2637.0,household_agent_7,1007.0,991.0,household_agent_8,111.0,455.0,2748.0
316,,,114.0,2637.0,household_agent_9,1009.0,991.0,household_agent_8,83.0,536.0,2720.0
317,,,114.0,2637.0,household_agent_9,1009.0,991.0,household_agent_8,125.0,455.0,2762.0
318,,,145.0,3000.0,household_agent_7,1007.0,991.0,household_agent_8,59.0,536.0,3059.0
319,,,145.0,3000.0,household_agent_7,1007.0,991.0,household_agent_8,113.0,455.0,3113.0
320,,,146.0,3000.0,household_agent_9,1009.0,991.0,household_agent_8,68.0,536.0,3068.0
321,,,146.0,3000.0,household_agent_9,1009.0,991.0,household_agent_8,125.0,455.0,3125.0
322,,,177.0,3931.0,household_agent_7,1007.0,991.0,household_agent_8,56.0,536.0,3987.0
323,,,177.0,3931.0,household_agent_7,1007.0,991.0,household_agent_8,105.0,455.0,4036.0
324,,,178.0,3931.0,household_agent_9,1009.0,991.0,household_agent_8,69.0,536.0,4000.0
325,,,178.0,3931.0,household_agent_9,1009.0,991.0,household_agent_8,116.0,455.0,4047.0
326,,,209.0,4541.0,household_agent_7,1007.0,991.0,household_agent_8,61.0,536.0,4602.0
327,,,209.0,4541.0,household_agent_7,1007.0,991.0,household_agent_8,111.0,455.0,4652.0
328,,,210.0,4541.0,household_agent_9,1009.0,991.0,household_agent_8,73.0,536.0,4614.0
329,,,210.0,4541.0,household_agent_9,1009.0,991.0,household_agent_8,122.0,455.0,4663.0
330,,,241.0,4719.0,household_agent_7,1007.0,991.0,household_agent_8,64.0,536.0,4783.0
331,,,241.0,4719.0,household_agent_7,1007.0,991.0,household_agent_8,105.0,455.0,4824.0
332,,,242.0,4719.0,household_agent_9,1009.0,991.0,household_agent_8,77.0,536.0,4796.0
333,,,242.0,4719.0,household_agent_9,1009.0,991.0,household_agent_8,117.0,455.0,4836.0
334,,,273.0,4906.0,household_agent_7,1007.0,991.0,household_agent_8,56.0,536.0,4962.0
335,,,273.0,4906.0,household_agent_7,1007.0,991.0,household_agent_8,117.0,455.0,5023.0
336,,,274.0,4906.0,household_agent_9,1009.0,991.0,household_agent_8,79.0,536.0,4985.0
337,,,274.0,4906.0,household_agent_9,1009.0,991.0,household_agent_8,128.0,455.0,5034.0
338,,,305.0,5733.0,household_agent_7,1007.0,991.0,household_agent_8,57.0,536.0,5790.0
339,,,305.0,5733.0,household_agent_7,1007.0,991.0,household_agent_8,111.0,455.0,5844.0
340,,,306.0,5733.0,household_agent_9,1009.0,991.0,household_agent_8,74.0,536.0,5807.0
341,,,306.0,5733.0,household_agent_9,1009.0,991.0,household_agent_8,122.0,455.0,5855.0
342,,,13.0,258.0,household_agent_8,1008.0,991.0,household_agent_9,60.0,536.0,318.0
343,,,13.0,258.0,household_agent_8,1008.0,991.0,household_agent_9,120.0,455.0,378.0
344,,,14.0,258.0,household_agent_10,1010.0,991.0,household_agent_9,71.0,536.0,329.0
345,,,14.0,258.0,household_agent_10,1010.0,991.0,household_agent_9,136.0,455.0,394.0
346,,,45.0,1011.0,household_agent_8,1008.0,991.0,household_agent_9,59.0,536.0,1070.0
347,,,45.0,1011.0,household_agent_8,1008.0,991.0,household_agent_9,104.0,455.0,1115.0
348,,,46.0,1011.0,household_agent_10,1010.0,991.0,household_agent_9,71.0,536.0,1082.0
349,,,46.0,1011.0,household_agent_10,1010.0,991.0,household_agent_9,115.0,455.0,1126.0
350,,,77.0,1983.0,household_agent_8,1008.0,991.0,household_agent_9,61.0,536.0,2044.0
351,,,77.0,1983.0,household_agent_8,1008.0,991.0,household_agent_9,101.0,455.0,2084.0
352,,,78.0,1983.0,household_agent_10,1010.0,991.0,household_agent_9,84.0,536.0,2067.0
353,,,78.0,1983.0,household_agent_10,1010.0,991.0,household_agent_9,119.0,455.0,2102.0
354,,,109.0,2637.0,household_agent_8,1008.0,991.0,household_agent_9,61.0,536.0,2698.0
355,,,109.0,2637.0,household_agent_8,1008.0,991.0,household_agent_9,112.0,455.0,2749.0
356,,,110.0,2637.0,household_agent_10,1010.0,991.0,household_agent_9,65.0,536.0,2702.0
357,,,110.0,2637.0,household_agent_10,1010.0,991.0,household_agent_9,120.0,455.0,2757.0
358,,,141.0,3000.0,household_agent_8,1008.0,991.0,household_agent_9,59.0,536.0,3059.0
359,,,141.0,3000.0,household_agent_8,1008.0,991.0,household_agent_9,93.0,455.0,3093.0
360,,,142.0,3000.0,household_agent_10,1010.0,991.0,household_agent_9,67.0,536.0,3067.0
361,,,142.0,3000.0,household_agent_10,1010.0,991.0,household_agent_9,103.0,455.0,3103.0
362,,,173.0,3931.0,household_agent_8,1008.0,991.0,household_agent_9,63.0,536.0,3994.0
363,,,173.0,3931.0,household_agent_8,1008.0,991.0,household_agent_9,103.0,455.0,4034.0
364,,,174.0,3931.0,household_agent_10,1010.0,991.0,household_agent_9,71.0,536.0,4002.0
365,,,174.0,3931.0,household_agent_10,1010.0,991.0,household_agent_9,119.0,455.0,4050.0
366,,,205.0,4541.0,household_agent_8,1008.0,991.0,household_agent_9,56.0,536.0,4597.0
367,,,205.0,4541.0,household_agent_8,1008.0,991.0,household_agent_9,94.0,455.0,4635.0
368,,,206.0,4541.0,household_agent_10,1010.0,991.0,household_agent_9,72.0,536.0,4613.0
369,,,206.0,4541.0,household_agent_10,1010.0,991.0,household_agent_9,109.0,455.0,4650.0
370,,,237.0,4719.0,household_agent_8,1008.0,991.0,household_agent_9,56.0,536.0,4775.0
371,,,237.0,4719.0,household_agent_8,1008.0,991.0,household_agent_9,99.0,455.0,4818.0
372,,,238.0,4719.0,household_agent_10,1010.0,991.0,household_agent_9,71.0,536.0,4790.0
373,,,238.0,4719.0,household_agent_10,1010.0,991.0,household_agent_9,110.0,455.0,4829.0
374,,,269.0,4906.0,household_agent_8,1008.0,991.0,household_agent_9,72.0,536.0,4978.0
375,,,269.0,4906.0,household_agent_8,1008.0,991.0,household_agent_9,112.0,455.0,5018.0
376,,,270.0,4906.0,household_agent_10,1010.0,991.0,household_agent_9,80.0,536.0,4986.0
377,,,270.0,4906.0,household_agent_10,1010.0,991.0,household_agent_9,126.0,455.0,5032.0
378,,,301.0,5733.0,household_agent_8,1008.0,991.0,household_agent_9,58.0,536.0,5791.0
379,,,301.0,5733.0,household_agent_8,1008.0,991.0,household_agent_9,100.0,455.0,5833.0
380,,,302.0,5733.0,household_agent_10,1010.0,991.0,household_agent_9,69.0,536.0,5802.0
381,,,302.0,5733.0,household_agent_10,1010.0,991.0,household_agent_9,107.0,455.0,5840.0
382,,,9.0,258.0,household_agent_9,1009.0,991.0,household_agent_10,74.0,536.0,332.0
383,,,9.0,258.0,household_agent_9,1009.0,991.0,household_agent_10,118.0,455.0,376.0
384,,,10.0,258.0,household_agent_11,1011.0,991.0,household_agent_10,90.0,536.0,348.0
385,,,10.0,258.0,household_agent_11,1011.0,991.0,household_agent_10,135.0,455.0,393.0
386,,,41.0,1011.0,household_agent_9,1009.0,991.0,household_agent_10,75.0,536.0,1086.0
387,,,41.0,1011.0,household_agent_9,1009.0,991.0,household_agent_10,114.0,455.0,1125.0
388,,,42.0,1011.0,household_agent_11,1011.0,991.0,household_agent_10,87.0,536.0,1098.0
389,,,42.0,1011.0,household_agent_11,1011.0,991.0,household_agent_10,133.0,455.0,1144.0
390,,,73.0,1983.0,household_agent_9,1009.0,991.0,household_agent_10,86.0,536.0,2069.0
391,,,73.0,1983.0,household_agent_9,1009.0,991.0,household_agent_10,127.0,455.0,2110.0
392,,,74.0,1983.0,household_agent_11,1011.0,991.0,household_agent_10,89.0,536.0,2072.0
393,,,74.0,1983.0,household_agent_11,1011.0,991.0,household_agent_10,141.0,455.0,2124.0
394,,,105.0,2637.0,household_agent_9,1009.0,991.0,household_agent_10,73.0,536.0,2710.0
395,,,105.0,2637.0,household_agent_9,1009.0,991.0,household_agent_10,116.0,455.0,2753.0
396,,,106.0,2637.0,household_agent_11,1011.0,991.0,household_agent_10,87.0,536.0,2724.0
397,,,106.0,2637.0,household_agent_11,1011.0,991.0,household_agent_10,136.0,455.0,2773.0
398,,,137.0,3000.0,household_agent_9,1009.0,991.0,household_agent_10,67.0,536.0,3067.0
399,,,137.0,3000.0,household_agent_9,1009.0,991.0,household_agent_10,109.0,455.0,3109.0
400,,,138.0,3000.0,household_agent_11,1011.0,991.0,household_agent_10,82.0,536.0,3082.0
401,,,138.0,3000.0,household_agent_11,1011.0,991.0,household_agent_10,127.0,455.0,3127.0
402,,,169.0,3931.0,household_agent_9,1009.0,991.0,household_agent_10,82.0,536.0,4013.0
403,,,169.0,3931.0,household_agent_9,1009.0,991.0,household_agent_10,129.0,455.0,4060.0
404,,,170.0,3931.0,household_agent_11,1011.0,991.0,household_agent_10,91.0,536.0,4022.0
405,,,170.0,3931.0,household_agent_11,1011.0,991.0,household_agent_10,146.0,455.0,4077.0
406,,,201.0,4541.0,household_agent_9,1009.0,991.0,household_agent_10,79.0,536.0,4620.0
407,,,201.0,4541.0,household_agent_9,1009.0,991.0,household_agent_10,116.0,455.0,4657.0
408,,,202.0,4541.0,household_agent_11,1011.0,991.0,household_agent_10,84.0,536.0,4625.0
409,,,202.0,4541.0,household_agent_11,1011.0,991.0,household_agent_10,129.0,455.0,4670.0
410,,,233.0,4719.0,household_agent_9,1009.0,991.0,household_agent_10,78.0,536.0,4797.0
411,,,233.0,4719.0,household_agent_9,1009.0,991.0,household_agent_10,120.0,455.0,4839.0
412,,,234.0,4719.0,household_agent_11,1011.0,991.0,household_agent_10,86.0,536.0,4805.0
413,,,234.0,4719.0,household_agent_11,1011.0,991.0,household_agent_10,133.0,455.0,4852.0
414,,,265.0,4906.0,household_agent_9,1009.0,991.0,household_agent_10,85.0,536.0,4991.0
415,,,265.0,4906.0,household_agent_9,1009.0,991.0,household_agent_10,119.0,455.0,5025.0
416,,,266.0,4906.0,household_agent_11,1011.0,991.0,household_agent_10,92.0,536.0,4998.0
417,,,266.0,4906.0,household_agent_11,1011.0,991.0,household_agent_10,137.0,455.0,5043.0
418,,,297.0,5733.0,household_agent_9,1009.0,991.0,household_agent_10,77.0,536.0,5810.0
419,,,297.0,5733.0,household_agent_9,1009.0,991.0,household_agent_10,119.0,455.0,5852.0
420,,,298.0,5733.0,household_agent_11,1011.0,991.0,household_agent_10,90.0,536.0,5823.0
421,,,298.0,5733.0,household_agent_11,1011.0,991.0,household_agent_10,131.0,455.0,5864.0
422,,,5.0,258.0,household_agent_10,1010.0,991.0,household_agent_11,98.0,536.0,356.0
423,,,5.0,258.0,household_agent_10,1010.0,991.0,household_agent_11,144.0,455.0,402.0
424,,,6.0,258.0,household_agent_12,1012.0,991.0,household_agent_11,79.0,536.0,337.0
425,,,6.0,258.0,household_agent_12,1012.0,991.0,household_agent_11,121.0,455.0,379.0
426,,,37.0,1011.0,household_agent_10,1010.0,991.0,household_agent_11,101.0,536.0,1112.0
427,,,37.0,1011.0,household_agent_10,1010.0,991.0,household_agent_11,142.0,455.0,1153.0
428,,,38.0,1011.0,household_agent_12,1012.0,991.0,household_agent_11,81.0,536.0,1092.0
429,,,38.0,1011.0,household_agent_12,1012.0,991.0,household_agent_11,117.0,455.0,1128.0
430,,,69.0,1983.0,household_agent_10,1010.0,991.0,household_agent_11,117.0,536.0,2100.0
431,,,69.0,1983.0,household_agent_10,1010.0,991.0,household_agent_11,153.0,455.0,2136.0
432,,,70.0,1983.0,household_agent_12,1012.0,991.0,household_agent_11,85.0,536.0,2068.0
433,,,70.0,1983.0,household_agent_12,1012.0,991.0,household_agent_11,122.0,455.0,2105.0
434,,,101.0,2637.0,household_agent_10,1010.0,991.0,household_agent_11,115.0,536.0,2752.0
435,,,101.0,2637.0,household_agent_10,1010.0,991.0,household_agent_11,151.0,455.0,2788.0
436,,,102.0,2637.0,household_agent_12,1012.0,991.0,household_agent_11,82.0,536.0,2719.0
437,,,102.0,2637.0,household_agent_12,1012.0,991.0,household_agent_11,123.0,455.0,2760.0
438,,,133.0,3000.0,household_agent_10,1010.0,991.0,household_agent_11,87.0,536.0,3087.0
439,,,133.0,3000.0,household_agent_10,1010.0,991.0,household_agent_11,147.0,455.0,3147.0
440,,,134.0,3000.0,household_agent_12,1012.0,991.0,household_agent_11,97.0,536.0,3097.0
441,,,134.0,3000.0,household_agent_12,1012.0,991.0,household_agent_11,133.0,455.0,3133.0
442,,,165.0,3931.0,household_agent_10,1010.0,991.0,household_agent_11,123.0,536.0,4054.0
443,,,165.0,3931.0,household_agent_10,1010.0,991.0,household_agent_11,155.0,455.0,4086.0
444,,,166.0,3931.0,household_agent_12,1012.0,991.0,household_agent_11,82.0,536.0,4013.0
445,,,166.0,3931.0,household_agent_12,1012.0,991.0,household_agent_11,131.0,455.0,4062.0
446,,,197.0,4541.0,household_agent_10,1010.0,991.0,household_agent_11,105.0,536.0,4646.0
447,,,197.0,4541.0,household_agent_10,1010.0,991.0,household_agent_11,143.0,455.0,4684.0
448,,,198.0,4541.0,household_agent_12,1012.0,991.0,household_agent_11,88.0,536.0,4629.0
449,,,198.0,4541.0,household_agent_12,1012.0,991.0,household_agent_11,126.0,455.0,4667.0
450,,,229.0,4719.0,household_agent_10,1010.0,991.0,household_agent_11,107.0,536.0,4826.0
451,,,229.0,4719.0,household_agent_10,1010.0,991.0,household_agent_11,145.0,455.0,4864.0
452,,,230.0,4719.0,household_agent_12,1012.0,991.0,household_agent_11,118.0,536.0,4837.0
453,,,230.0,4719.0,household_agent_12,1012.0,991.0,household_agent_11,157.0,455.0,4876.0
454,,,261.0,4906.0,household_agent_10,1010.0,991.0,household_agent_11,102.0,536.0,5008.0
455,,,261.0,4906.0,household_agent_10,1010.0,991.0,household_agent_11,148.0,455.0,5054.0
456,,,262.0,4906.0,household_agent_12,1012.0,991.0,household_agent_11,80.0,536.0,4986.0
457,,,262.0,4906.0,household_agent_12,1012.0,991.0,household_agent_11,151.0,455.0,5057.0
458,,,293.0,5733.0,household_agent_10,1010.0,991.0,household_agent_11,110.0,536.0,5843.0
459,,,293.0,5733.0,household_agent_10,1010.0,991.0,household_agent_11,144.0,455.0,5877.0
460,,,294.0,5733.0,household_agent_12,1012.0,991.0,household_agent_11,80.0,536.0,5813.0
461,,,294.0,5733.0,household_agent_12,1012.0,991.0,household_agent_11,124.0,455.0,5857.0
462,,,1.0,368.0,household_agent_11,1011.0,991.0,household_agent_12,67.0,536.0,435.0
463,,,1.0,368.0,household_agent_11,1011.0,991.0,household_agent_12,101.0,455.0,469.0
464,,,2.0,368.0,generation_agent_0,1013.0,991.0,household_agent_12,78.0,536.0,446.0
465,,,2.0,368.0,generation_agent_0,1013.0,991.0,household_agent_12,112.0,455.0,480.0
466,,,3.0,258.0,household_agent_11,1011.0,991.0,household_agent_12,72.0,536.0,330.0
467,,,3.0,258.0,household_agent_11,1011.0,991.0,household_agent_12,122.0,455.0,380.0
468,,,4.0,258.0,generation_agent_0,1013.0,991.0,household_agent_12,86.0,536.0,344.0
469,,,4.0,258.0,generation_agent_0,1013.0,991.0,household_agent_12,140.0,455.0,398.0
470,,,35.0,1011.0,household_agent_11,1011.0,991.0,household_agent_12,72.0,536.0,1083.0
471,,,35.0,1011.0,household_agent_11,1011.0,991.0,household_agent_12,121.0,455.0,1132.0
472,,,36.0,1011.0,generation_agent_0,1013.0,991.0,household_agent_12,83.0,536.0,1094.0
473,,,36.0,1011.0,generation_agent_0,1013.0,991.0,household_agent_12,132.0,455.0,1143.0
474,,,67.0,1983.0,household_agent_11,1011.0,991.0,household_agent_12,73.0,536.0,2056.0
475,,,67.0,1983.0,household_agent_11,1011.0,991.0,household_agent_12,110.0,455.0,2093.0
476,,,68.0,1983.0,generation_agent_0,1013.0,991.0,household_agent_12,85.0,536.0,2068.0
477,,,68.0,1983.0,generation_agent_0,1013.0,991.0,household_agent_12,128.0,455.0,2111.0
478,,,99.0,2637.0,household_agent_11,1011.0,991.0,household_agent_12,69.0,536.0,2706.0
479,,,99.0,2637.0,household_agent_11,1011.0,991.0,household_agent_12,109.0,455.0,2746.0
480,,,100.0,2637.0,generation_agent_0,1013.0,991.0,household_agent_12,81.0,536.0,2718.0
481,,,100.0,2637.0,generation_agent_0,1013.0,991.0,household_agent_12,121.0,455.0,2758.0
482,,,131.0,3000.0,household_agent_11,1011.0,991.0,household_agent_12,71.0,536.0,3071.0
483,,,131.0,3000.0,household_agent_11,1011.0,991.0,household_agent_12,122.0,455.0,3122.0
484,,,132.0,3000.0,generation_agent_0,1013.0,991.0,household_agent_12,78.0,536.0,3078.0
485,,,132.0,3000.0,generation_agent_0,1013.0,991.0,household_agent_12,108.0,455.0,3108.0
486,,,163.0,3931.0,household_agent_11,1011.0,991.0,household_agent_12,72.0,536.0,4003.0
487,,,163.0,3931.0,household_agent_11,1011.0,991.0,household_agent_12,113.0,455.0,4044.0
488,,,164.0,3931.0,generation_agent_0,1013.0,991.0,household_agent_12,87.0,536.0,4018.0
489,,,164.0,3931.0,generation_agent_0,1013.0,991.0,household_agent_12,124.0,455.0,4055.0
490,,,195.0,4541.0,household_agent_11,1011.0,991.0,household_agent_12,68.0,536.0,4609.0
491,,,195.0,4541.0,household_agent_11,1011.0,991.0,household_agent_12,112.0,455.0,4653.0
492,,,196.0,4541.0,generation_agent_0,1013.0,991.0,household_agent_12,82.0,536.0,4623.0
493,,,196.0,4541.0,generation_agent_0,1013.0,991.0,household_agent_12,130.0,455.0,4671.0
494,,,227.0,4719.0,household_agent_11,1011.0,991.0,household_agent_12,73.0,536.0,4792.0
495,,,227.0,4719.0,household_agent_11,1011.0,991.0,household_agent_12,139.0,455.0,4858.0
496,,,228.0,4719.0,generation_agent_0,1013.0,991.0,household_agent_12,80.0,536.0,4799.0
497,,,228.0,4719.0,generation_agent_0,1013.0,991.0,household_agent_12,119.0,455.0,4838.0
498,,,259.0,4906.0,household_agent_11,1011.0,991.0,household_agent_12,77.0,536.0,4983.0
499,,,259.0,4906.0,household_agent_11,1011.0,991.0,household_agent_12,121.0,455.0,5027.0
500,,,260.0,4906.0,generation_agent_0,1013.0,991.0,household_agent_12,88.0,536.0,4994.0
501,,,260.0,4906.0,generation_agent_0,1013.0,991.0,household_agent_12,134.0,455.0,5040.0
502,,,291.0,5733.0,household_agent_11,1011.0,991.0,household_agent_12,67.0,536.0,5800.0
503,,,291.0,5733.0,household_agent_11,1011.0,991.0,household_agent_12,104.0,455.0,5837.0
504,,,292.0,5733.0,generation_agent_0,1013.0,991.0,household_agent_12,79.0,536.0,5812.0
505,,,292.0,5733.0,generation_agent_0,1013.0,991.0,household_agent_12,116.0,455.0,5849.0
506,,,323.0,5831.0,control_center_agent,1017.0,991.0,household_agent_12,28.0,536.0,5859.0
507,,,323.0,5831.0,control_center_agent,1017.0,991.0,household_agent_12,49.0,455.0,5880.0
508,,,7.0,258.0,household_agent_12,1012.0,991.0,generation_agent_0,86.0,536.0,344.0
509,,,7.0,258.0,household_agent_12,1012.0,991.0,generation_agent_0,138.0,455.0,396.0
510,,,8.0,258.0,generation_agent_1,1014.0,991.0,generation_agent_0,99.0,536.0,357.0
511,,,8.0,258.0,generation_agent_1,1014.0,991.0,generation_agent_0,145.0,455.0,403.0
512,,,39.0,1011.0,household_agent_12,1012.0,991.0,generation_agent_0,89.0,536.0,1100.0
513,,,39.0,1011.0,household_agent_12,1012.0,991.0,generation_agent_0,130.0,455.0,1141.0
514,,,40.0,1011.0,generation_agent_1,1014.0,991.0,generation_agent_0,100.0,536.0,1111.0
515,,,40.0,1011.0,generation_agent_1,1014.0,991.0,generation_agent_0,141.0,455.0,1152.0
516,,,71.0,1983.0,household_agent_12,1012.0,991.0,generation_agent_0,87.0,536.0,2070.0
517,,,71.0,1983.0,household_agent_12,1012.0,991.0,generation_agent_0,132.0,455.0,2115.0
518,,,72.0,1983.0,generation_agent_1,1014.0,991.0,generation_agent_0,104.0,536.0,2087.0
519,,,72.0,1983.0,generation_agent_1,1014.0,991.0,generation_agent_0,142.0,455.0,2125.0
520,,,103.0,2637.0,household_agent_12,1012.0,991.0,generation_agent_0,87.0,536.0,2724.0
521,,,103.0,2637.0,household_agent_12,1012.0,991.0,generation_agent_0,129.0,455.0,2766.0
522,,,104.0,2637.0,generation_agent_1,1014.0,991.0,generation_agent_0,110.0,536.0,2747.0
523,,,104.0,2637.0,generation_agent_1,1014.0,991.0,generation_agent_0,143.0,455.0,2780.0
524,,,135.0,3000.0,household_agent_12,1012.0,991.0,generation_agent_0,84.0,536.0,3084.0
525,,,135.0,3000.0,household_agent_12,1012.0,991.0,generation_agent_0,120.0,455.0,3120.0
526,,,136.0,3000.0,generation_agent_1,1014.0,991.0,generation_agent_0,124.0,536.0,3124.0
527,,,136.0,3000.0,generation_agent_1,1014.0,991.0,generation_agent_0,160.0,455.0,3160.0
528,,,167.0,3931.0,household_agent_12,1012.0,991.0,generation_agent_0,85.0,536.0,4016.0
529,,,167.0,3931.0,household_agent_12,1012.0,991.0,generation_agent_0,133.0,455.0,4064.0
530,,,168.0,3931.0,generation_agent_1,1014.0,991.0,generation_agent_0,95.0,536.0,4026.0
531,,,168.0,3931.0,generation_agent_1,1014.0,991.0,generation_agent_0,139.0,455.0,4070.0
532,,,199.0,4541.0,household_agent_12,1012.0,991.0,generation_agent_0,92.0,536.0,4633.0
533,,,199.0,4541.0,household_agent_12,1012.0,991.0,generation_agent_0,136.0,455.0,4677.0
534,,,200.0,4541.0,generation_agent_1,1014.0,991.0,generation_agent_0,106.0,536.0,4647.0
535,,,200.0,4541.0,generation_agent_1,1014.0,991.0,generation_agent_0,150.0,455.0,4691.0
536,,,231.0,4719.0,household_agent_12,1012.0,991.0,generation_agent_0,93.0,536.0,4812.0
537,,,231.0,4719.0,household_agent_12,1012.0,991.0,generation_agent_0,136.0,455.0,4855.0
538,,,232.0,4719.0,generation_agent_1,1014.0,991.0,generation_agent_0,111.0,536.0,4830.0
539,,,232.0,4719.0,generation_agent_1,1014.0,991.0,generation_agent_0,147.0,455.0,4866.0
540,,,263.0,4906.0,household_agent_12,1012.0,991.0,generation_agent_0,90.0,536.0,4996.0
541,,,263.0,4906.0,household_agent_12,1012.0,991.0,generation_agent_0,136.0,455.0,5042.0
542,,,264.0,4906.0,generation_agent_1,1014.0,991.0,generation_agent_0,97.0,536.0,5003.0
543,,,264.0,4906.0,generation_agent_1,1014.0,991.0,generation_agent_0,150.0,455.0,5056.0
544,,,295.0,5733.0,household_agent_12,1012.0,991.0,generation_agent_0,87.0,536.0,5820.0
545,,,295.0,5733.0,household_agent_12,1012.0,991.0,generation_agent_0,125.0,455.0,5858.0
546,,,296.0,5733.0,generation_agent_1,1014.0,991.0,generation_agent_0,93.0,536.0,5826.0
547,,,296.0,5733.0,generation_agent_1,1014.0,991.0,generation_agent_0,137.0,455.0,5870.0
548,,,11.0,258.0,generation_agent_0,1013.0,991.0,generation_agent_1,64.0,536.0,322.0
549,,,11.0,258.0,generation_agent_0,1013.0,991.0,generation_agent_1,127.0,455.0,385.0
550,,,12.0,258.0,generation_agent_2,1015.0,991.0,generation_agent_1,75.0,536.0,333.0
551,,,12.0,258.0,generation_agent_2,1015.0,991.0,generation_agent_1,133.0,455.0,391.0
552,,,43.0,1011.0,generation_agent_0,1013.0,991.0,generation_agent_1,61.0,536.0,1072.0
553,,,43.0,1011.0,generation_agent_0,1013.0,991.0,generation_agent_1,118.0,455.0,1129.0
554,,,44.0,1011.0,generation_agent_2,1015.0,991.0,generation_agent_1,81.0,536.0,1092.0
555,,,44.0,1011.0,generation_agent_2,1015.0,991.0,generation_agent_1,129.0,455.0,1140.0
556,,,75.0,1983.0,generation_agent_0,1013.0,991.0,generation_agent_1,67.0,536.0,2050.0
557,,,75.0,1983.0,generation_agent_0,1013.0,991.0,generation_agent_1,130.0,455.0,2113.0
558,,,76.0,1983.0,generation_agent_2,1015.0,991.0,generation_agent_1,79.0,536.0,2062.0
559,,,76.0,1983.0,generation_agent_2,1015.0,991.0,generation_agent_1,112.0,455.0,2095.0
560,,,107.0,2637.0,generation_agent_0,1013.0,991.0,generation_agent_1,71.0,536.0,2708.0
561,,,107.0,2637.0,generation_agent_0,1013.0,991.0,generation_agent_1,132.0,455.0,2769.0
562,,,108.0,2637.0,generation_agent_2,1015.0,991.0,generation_agent_1,80.0,536.0,2717.0
563,,,108.0,2637.0,generation_agent_2,1015.0,991.0,generation_agent_1,131.0,455.0,2768.0
564,,,139.0,3000.0,generation_agent_0,1013.0,991.0,generation_agent_1,63.0,536.0,3063.0
565,,,139.0,3000.0,generation_agent_0,1013.0,991.0,generation_agent_1,146.0,455.0,3146.0
566,,,140.0,3000.0,generation_agent_2,1015.0,991.0,generation_agent_1,75.0,536.0,3075.0
567,,,140.0,3000.0,generation_agent_2,1015.0,991.0,generation_agent_1,111.0,455.0,3111.0
568,,,171.0,3931.0,generation_agent_0,1013.0,991.0,generation_agent_1,71.0,536.0,4002.0
569,,,171.0,3931.0,generation_agent_0,1013.0,991.0,generation_agent_1,115.0,455.0,4046.0
570,,,172.0,3931.0,generation_agent_2,1015.0,991.0,generation_agent_1,73.0,536.0,4004.0
571,,,172.0,3931.0,generation_agent_2,1015.0,991.0,generation_agent_1,123.0,455.0,4054.0
572,,,203.0,4541.0,generation_agent_0,1013.0,991.0,generation_agent_1,73.0,536.0,4614.0
573,,,203.0,4541.0,generation_agent_0,1013.0,991.0,generation_agent_1,125.0,455.0,4666.0
574,,,204.0,4541.0,generation_agent_2,1015.0,991.0,generation_agent_1,81.0,536.0,4622.0
575,,,204.0,4541.0,generation_agent_2,1015.0,991.0,generation_agent_1,131.0,455.0,4672.0
576,,,235.0,4719.0,generation_agent_0,1013.0,991.0,generation_agent_1,71.0,536.0,4790.0
577,,,235.0,4719.0,generation_agent_0,1013.0,991.0,generation_agent_1,134.0,455.0,4853.0
578,,,236.0,4719.0,generation_agent_2,1015.0,991.0,generation_agent_1,82.0,536.0,4801.0
579,,,236.0,4719.0,generation_agent_2,1015.0,991.0,generation_agent_1,113.0,455.0,4832.0
580,,,267.0,4906.0,generation_agent_0,1013.0,991.0,generation_agent_1,69.0,536.0,4975.0
581,,,267.0,4906.0,generation_agent_0,1013.0,991.0,generation_agent_1,118.0,455.0,5024.0
582,,,268.0,4906.0,generation_agent_2,1015.0,991.0,generation_agent_1,78.0,536.0,4984.0
583,,,268.0,4906.0,generation_agent_2,1015.0,991.0,generation_agent_1,122.0,455.0,5028.0
584,,,299.0,5733.0,generation_agent_0,1013.0,991.0,generation_agent_1,74.0,536.0,5807.0
585,,,299.0,5733.0,generation_agent_0,1013.0,991.0,generation_agent_1,113.0,455.0,5846.0
586,,,300.0,5733.0,generation_agent_2,1015.0,991.0,generation_agent_1,83.0,536.0,5816.0
587,,,300.0,5733.0,generation_agent_2,1015.0,991.0,generation_agent_1,128.0,455.0,5861.0
588,,,15.0,258.0,generation_agent_1,1014.0,991.0,generation_agent_2,88.0,536.0,346.0
589,,,15.0,258.0,generation_agent_1,1014.0,991.0,generation_agent_2,125.0,455.0,383.0
590,,,16.0,258.0,generation_agent_3,1016.0,991.0,generation_agent_2,98.0,536.0,356.0
591,,,16.0,258.0,generation_agent_3,1016.0,991.0,generation_agent_2,137.0,455.0,395.0
592,,,47.0,1011.0,generation_agent_1,1014.0,991.0,generation_agent_2,89.0,536.0,1100.0
593,,,47.0,1011.0,generation_agent_1,1014.0,991.0,generation_agent_2,126.0,455.0,1137.0
594,,,48.0,1011.0,generation_agent_3,1016.0,991.0,generation_agent_2,98.0,536.0,1109.0
595,,,48.0,1011.0,generation_agent_3,1016.0,991.0,generation_agent_2,139.0,455.0,1150.0
596,,,79.0,1983.0,generation_agent_1,1014.0,991.0,generation_agent_2,91.0,536.0,2074.0
597,,,79.0,1983.0,generation_agent_1,1014.0,991.0,generation_agent_2,126.0,455.0,2109.0
598,,,80.0,1983.0,generation_agent_3,1016.0,991.0,generation_agent_2,102.0,536.0,2085.0
599,,,80.0,1983.0,generation_agent_3,1016.0,991.0,generation_agent_2,138.0,455.0,2121.0
600,,,111.0,2637.0,generation_agent_1,1014.0,991.0,generation_agent_2,99.0,536.0,2736.0
601,,,111.0,2637.0,generation_agent_1,1014.0,991.0,generation_agent_2,138.0,455.0,2775.0
602,,,112.0,2637.0,generation_agent_3,1016.0,991.0,generation_agent_2,114.0,536.0,2751.0
603,,,112.0,2637.0,generation_agent_3,1016.0,991.0,generation_agent_2,149.0,455.0,2786.0
604,,,143.0,3000.0,generation_agent_1,1014.0,991.0,generation_agent_2,90.0,536.0,3090.0
605,,,143.0,3000.0,generation_agent_1,1014.0,991.0,generation_agent_2,126.0,455.0,3126.0
606,,,144.0,3000.0,generation_agent_3,1016.0,991.0,generation_agent_2,100.0,536.0,3100.0
607,,,144.0,3000.0,generation_agent_3,1016.0,991.0,generation_agent_2,138.0,455.0,3138.0
608,,,175.0,3931.0,generation_agent_1,1014.0,991.0,generation_agent_2,88.0,536.0,4019.0
609,,,175.0,3931.0,generation_agent_1,1014.0,991.0,generation_agent_2,127.0,455.0,4058.0
610,,,176.0,3931.0,generation_agent_3,1016.0,991.0,generation_agent_2,102.0,536.0,4033.0
611,,,176.0,3931.0,generation_agent_3,1016.0,991.0,generation_agent_2,145.0,455.0,4076.0
612,,,207.0,4541.0,generation_agent_1,1014.0,991.0,generation_agent_2,100.0,536.0,4641.0
613,,,207.0,4541.0,generation_agent_1,1014.0,991.0,generation_agent_2,134.0,455.0,4675.0
614,,,208.0,4541.0,generation_agent_3,1016.0,991.0,generation_agent_2,114.0,536.0,4655.0
615,,,208.0,4541.0,generation_agent_3,1016.0,991.0,generation_agent_2,149.0,455.0,4690.0
616,,,239.0,4719.0,generation_agent_1,1014.0,991.0,generation_agent_2,93.0,536.0,4812.0
617,,,239.0,4719.0,generation_agent_1,1014.0,991.0,generation_agent_2,127.0,455.0,4846.0
618,,,240.0,4719.0,generation_agent_3,1016.0,991.0,generation_agent_2,97.0,536.0,4816.0
619,,,240.0,4719.0,generation_agent_3,1016.0,991.0,generation_agent_2,140.0,455.0,4859.0
620,,,271.0,4906.0,generation_agent_1,1014.0,991.0,generation_agent_2,90.0,536.0,4996.0
621,,,271.0,4906.0,generation_agent_1,1014.0,991.0,generation_agent_2,129.0,455.0,5035.0
622,,,272.0,4906.0,generation_agent_3,1016.0,991.0,generation_agent_2,100.0,536.0,5006.0
623,,,272.0,4906.0,generation_agent_3,1016.0,991.0,generation_agent_2,140.0,455.0,5046.0
624,,,303.0,5733.0,generation_agent_1,1014.0,991.0,generation_agent_2,107.0,536.0,5840.0
625,,,303.0,5733.0,generation_agent_1,1014.0,991.0,generation_agent_2,143.0,455.0,5876.0
626,,,304.0,5733.0,generation_agent_3,1016.0,991.0,generation_agent_2,84.0,536.0,5817.0
627,,,304.0,5733.0,generation_agent_3,1016.0,991.0,generation_agent_2,120.0,455.0,5853.0
628,,,19.0,258.0,generation_agent_2,1015.0,991.0,generation_agent_3,94.0,536.0,352.0
629,,,19.0,258.0,generation_agent_2,1015.0,991.0,generation_agent_3,131.0,455.0,389.0
630,,,51.0,1011.0,generation_agent_2,1015.0,991.0,generation_agent_3,108.0,536.0,1119.0
631,,,51.0,1011.0,generation_agent_2,1015.0,991.0,generation_agent_3,151.0,455.0,1162.0
632,,,83.0,1983.0,generation_agent_2,1015.0,991.0,generation_agent_3,95.0,536.0,2078.0
633,,,83.0,1983.0,generation_agent_2,1015.0,991.0,generation_agent_3,131.0,455.0,2114.0
634,,,115.0,2637.0,generation_agent_2,1015.0,991.0,generation_agent_3,96.0,536.0,2733.0
635,,,115.0,2637.0,generation_agent_2,1015.0,991.0,generation_agent_3,134.0,455.0,2771.0
636,,,147.0,3000.0,generation_agent_2,1015.0,991.0,generation_agent_3,118.0,536.0,3118.0
637,,,147.0,3000.0,generation_agent_2,1015.0,991.0,generation_agent_3,151.0,455.0,3151.0
638,,,179.0,3931.0,generation_agent_2,1015.0,991.0,generation_agent_3,107.0,536.0,4038.0
639,,,179.0,3931.0,generation_agent_2,1015.0,991.0,generation_agent_3,148.0,455.0,4079.0
640,,,211.0,4541.0,generation_agent_2,1015.0,991.0,generation_agent_3,98.0,536.0,4639.0
641,,,211.0,4541.0,generation_agent_2,1015.0,991.0,generation_agent_3,139.0,455.0,4680.0
642,,,243.0,4719.0,generation_agent_2,1015.0,991.0,generation_agent_3,97.0,536.0,4816.0
643,,,243.0,4719.0,generation_agent_2,1015.0,991.0,generation_agent_3,132.0,455.0,4851.0
644,,,275.0,4906.0,generation_agent_2,1015.0,991.0,generation_agent_3,97.0,536.0,5003.0
645,,,275.0,4906.0,generation_agent_2,1015.0,991.0,generation_agent_3,131.0,455.0,5037.0
646,,,307.0,5733.0,generation_agent_2,1015.0,991.0,generation_agent_3,97.0,536.0,5830.0
647,,,307.0,5733.0,generation_agent_2,1015.0,991.0,generation_agent_3,129.0,455.0,5862.0
